{
  "frames": [
    {
      "file_path": "/home/doan/VA_0223/20250411_Final/Reconstruction_3D/data/processed_images/hopsap/frame_0009.png",
      "sharpness": 150.90503375771604,
      "transform_matrix": [
        [
          -0.3389996120033496,
          0.13614942520662626,
          0.9308826977571094,
          3.700522031895988
        ],
        [
          0.929263944402486,
          -0.10592948132613356,
          0.353903188182945,
          1.3907102584964879
        ],
        [
          0.1467916369987829,
          0.9850087709745655,
          -0.09060869882636552,
          -0.4293514946146127
        ],
        [
          0.0,
          0.0,
          0.0,
          1.0
        ]
      ],
      "w": 1920.0,
      "h": 1080.0,
      "fl_x": 1701.850391124287,
      "fl_y": 1701.850391124287,
      "k1": 0.23518260784119688,
      "k2": 0,
      "k3": 0,
      "k4": 0,
      "p1": 0,
      "p2": 0,
      "cx": 960.0,
      "cy": 540.0,
      "is_fisheye": false,
      "camera_angle_x": 1.0271958113154767,
      "camera_angle_y": 0.6145067185552571,
      "fovx": 58.85398472189326,
      "fovy": 35.20864145564974
    },
    {
      "file_path": "/home/doan/VA_0223/20250411_Final/Reconstruction_3D/data/processed_images/hopsap/frame_0008.png",
      "sharpness": 168.68659529320988,
      "transform_matrix": [
        [
          -0.3505429378451693,
          0.14798054762151175,
          0.9247818154346381,
          3.7100069689196697
        ],
        [
          0.9336257602150737,
          -0.02271016509819873,
          0.35752928306724946,
          1.4141559931103003
        ],
        [
          0.07390932680735057,
          0.9887294907203112,
          -0.13019756327770537,
          -0.58871638659121
        ],
        [
          0.0,
          0.0,
          0.0,
          1.0
        ]
      ],
      "w": 1920.0,
      "h": 1080.0,
      "fl_x": 1723.2925972269397,
      "fl_y": 1723.2925972269397,
      "k1": 0.21406954627559419,
      "k2": 0,
      "k3": 0,
      "k4": 0,
      "p1": 0,
      "p2": 0,
      "cx": 960.0,
      "cy": 540.0,
      "is_fisheye": false,
      "camera_angle_x": 1.0165148254476717,
      "camera_angle_y": 0.6073247366979515,
      "fovx": 58.242009310629165,
      "fovy": 34.7971442066866
    },
    {
      "file_path": "/home/doan/VA_0223/20250411_Final/Reconstruction_3D/data/processed_images/hopsap/frame_0005.png",
      "sharpness": 151.07593074845678,
      "transform_matrix": [
        [
          -0.3958884311532072,
          0.17386397992737568,
          0.9016893403323205,
          3.5603430410362535
        ],
        [
          0.9082594105241499,
          0.21893084881426877,
          0.3565587281477355,
          1.3667733338656878
        ],
        [
          -0.13541489309212454,
          0.9601253042265332,
          -0.24458578618834176,
          -1.0228984002214725
        ],
        [
          0.0,
          0.0,
          0.0,
          1.0
        ]
      ],
      "w": 1920.0,
      "h": 1080.0,
      "fl_x": 1688.5809054681297,
      "fl_y": 1688.5809054681297,
      "k1": 0.24013112609270604,
      "k2": 0,
      "k3": 0,
      "k4": 0,
      "p1": 0,
      "p2": 0,
      "cx": 960.0,
      "cy": 540.0,
      "is_fisheye": false,
      "camera_angle_x": 1.033908649756125,
      "camera_angle_y": 0.6190342405472014,
      "fovx": 59.23860203309559,
      "fovy": 35.46804935744082
    },
    {
      "file_path": "/home/doan/VA_0223/20250411_Final/Reconstruction_3D/data/processed_images/hopsap/frame_0004.png",
      "sharpness": 182.94608410493828,
      "transform_matrix": [
        [
          -0.40985110118229473,
          0.18052220777089317,
          0.8941106236183827,
          3.565789350050778
        ],
        [
          0.8892026312372898,
          0.2975690498825329,
          0.34752171319103276,
          1.3411984454596408
        ],
        [
          -0.20332426184643287,
          0.9374776759747823,
          -0.28247982491876833,
          -1.1782869965261107
        ],
        [
          0.0,
          0.0,
          0.0,
          1.0
        ]
      ],
      "w": 1920.0,
      "h": 1080.0,
      "fl_x": 1710.35142122111,
      "fl_y": 1710.35142122111,
      "k1": 0.22430090419502458,
      "k2": 0,
      "k3": 0,
      "k4": 0,
      "p1": 0,
      "p2": 0,
      "cx": 960.0,
      "cy": 540.0,
      "is_fisheye": false,
      "camera_angle_x": 1.0229368315759784,
      "camera_angle_y": 0.6116397392625907,
      "fovx": 58.609963157788286,
      "fovy": 35.04437564222856
    },
    {
      "file_path": "/home/doan/VA_0223/20250411_Final/Reconstruction_3D/data/processed_images/hopsap/frame_0006.png",
      "sharpness": 156.29015432098765,
      "transform_matrix": [
        [
          -0.3805591409919855,
          0.1668447687050854,
          0.9095809822491114,
          3.593055326899875
        ],
        [
          0.9223281860302397,
          0.1397146726236134,
          0.36026452433508815,
          1.3881510586592387
        ],
        [
          -0.06697355792426385,
          0.9760341353162744,
          -0.20705532866601514,
          -0.8782661451035086
        ],
        [
          0.0,
          0.0,
          0.0,
          1.0
        ]
      ],
      "w": 1920.0,
      "h": 1080.0,
      "fl_x": 1689.0202604322476,
      "fl_y": 1689.0202604322476,
      "k1": 0.23780255585179402,
      "k2": 0,
      "k3": 0,
      "k4": 0,
      "p1": 0,
      "p2": 0,
      "cx": 960.0,
      "cy": 540.0,
      "is_fisheye": false,
      "camera_angle_x": 1.033685109651033,
      "camera_angle_y": 0.6188833001566614,
      "fovx": 59.22579412852192,
      "fovy": 35.459401110104814
    },
    {
      "file_path": "/home/doan/VA_0223/20250411_Final/Reconstruction_3D/data/processed_images/hopsap/frame_0011.png",
      "sharpness": 141.41907214506173,
      "transform_matrix": [
        [
          -0.3144096289822327,
          0.10969060423597629,
          0.9429287122851182,
          3.773559097386216
        ],
        [
          0.9037203178995378,
          -0.26946559456499564,
          0.3326828525004485,
          1.3317331385168567
        ],
        [
          0.2905790291980375,
          0.9567425278463256,
          -0.014407050120071978,
          -0.12413487476983608
        ],
        [
          0.0,
          0.0,
          0.0,
          1.0
        ]
      ],
      "w": 1920.0,
      "h": 1080.0,
      "fl_x": 1717.730990453436,
      "fl_y": 1717.730990453436,
      "k1": 0.21859073957322275,
      "k2": 0,
      "k3": 0,
      "k4": 0,
      "p1": 0,
      "p2": 0,
      "cx": 960.0,
      "cy": 540.0,
      "is_fisheye": false,
      "camera_angle_x": 1.0192657160881828,
      "camera_angle_y": 0.6091719044942213,
      "fovx": 58.39962373423249,
      "fovy": 34.90297912546535
    },
    {
      "file_path": "/home/doan/VA_0223/20250411_Final/Reconstruction_3D/data/processed_images/hopsap/frame_0010.png",
      "sharpness": 128.89532021604938,
      "transform_matrix": [
        [
          -0.32670047752221476,
          0.12307015824546606,
          0.9370808577931058,
          3.711708994778313
        ],
        [
          0.9194065754059181,
          -0.1883517658362892,
          0.3452754862327429,
          1.35908136538363
        ],
        [
          0.21899394302565994,
          0.9743599685709516,
          -0.0516169008862602,
          -0.2731449625087346
        ],
        [
          0.0,
          0.0,
          0.0,
          1.0
        ]
      ],
      "w": 1920.0,
      "h": 1080.0,
      "fl_x": 1694.6437088489818,
      "fl_y": 1694.6437088489818,
      "k1": 0.23011642625409318,
      "k2": 0,
      "k3": 0,
      "k4": 0,
      "p1": 0,
      "p2": 0,
      "cx": 960.0,
      "cy": 540.0,
      "is_fisheye": false,
      "camera_angle_x": 1.030831691448842,
      "camera_angle_y": 0.6169576378428494,
      "fovx": 59.06230530835056,
      "fovy": 35.34906878675599
    },
    {
      "file_path": "/home/doan/VA_0223/20250411_Final/Reconstruction_3D/data/processed_images/hopsap/frame_0007.png",
      "sharpness": 140.8171633873457,
      "transform_matrix": [
        [
          -0.36570231572981415,
          0.1576798631449247,
          0.9172779714647677,
          3.6385265579838073
        ],
        [
          0.9307197359887853,
          0.05692189386944435,
          0.3612764468185339,
          1.404509388689225
        ],
        [
          0.004752821351334313,
          0.9858483446501942,
          -0.1675722290007747,
          -0.7287018751001187
        ],
        [
          0.0,
          0.0,
          0.0,
          1.0
        ]
      ],
      "w": 1920.0,
      "h": 1080.0,
      "fl_x": 1698.338898672527,
      "fl_y": 1698.338898672527,
      "k1": 0.23320424113835297,
      "k2": 0,
      "k3": 0,
      "k4": 0,
      "p1": 0,
      "p2": 0,
      "cx": 960.0,
      "cy": 540.0,
      "is_fisheye": false,
      "camera_angle_x": 1.0289644911449474,
      "camera_angle_y": 0.6156985816208833,
      "fovx": 58.955322611431846,
      "fovy": 35.27693017906765
    },
    {
      "file_path": "/home/doan/VA_0223/20250411_Final/Reconstruction_3D/data/processed_images/hopsap/frame_0003.png",
      "sharpness": 175.87631655092594,
      "transform_matrix": [
        [
          -0.42626040794967573,
          0.18579636544246936,
          0.885314506324738,
          3.5477867990105674
        ],
        [
          0.8632842711631716,
          0.3759470216485067,
          0.33675525840353576,
          1.2992677727972752
        ],
        [
          -0.27026344881998676,
          0.9078235221690244,
          -0.3206464107411265,
          -1.331030620517957
        ],
        [
          0.0,
          0.0,
          0.0,
          1.0
        ]
      ],
      "w": 1920.0,
      "h": 1080.0,
      "fl_x": 1719.3833613062027,
      "fl_y": 1719.3833613062027,
      "k1": 0.227608271564328,
      "k2": 0,
      "k3": 0,
      "k4": 0,
      "p1": 0,
      "p2": 0,
      "cx": 960.0,
      "cy": 540.0,
      "is_fisheye": false,
      "camera_angle_x": 1.018447001073988,
      "camera_angle_y": 0.6086219693533336,
      "fovx": 58.35271481929512,
      "fovy": 34.871470162886546
    },
    {
      "file_path": "/home/doan/VA_0223/20250411_Final/Reconstruction_3D/data/processed_images/hopsap/frame_0000.png",
      "sharpness": 198.96264081790125,
      "transform_matrix": [
        [
          -0.4754615033218988,
          0.19169160648896272,
          0.8585980938521998,
          3.4224136426507354
        ],
        [
          0.7557976334275353,
          0.5884861014513624,
          0.287148124999028,
          1.082892107201104
        ],
        [
          -0.4502291595832948,
          0.7854542865869879,
          -0.42468254901238855,
          -1.7247964175039558
        ],
        [
          0.0,
          0.0,
          0.0,
          1.0
        ]
      ],
      "w": 1920.0,
      "h": 1080.0,
      "fl_x": 1705.6262388516254,
      "fl_y": 1705.6262388516254,
      "k1": 0.2373785314791713,
      "k2": 0,
      "k3": 0,
      "k4": 0,
      "p1": 0,
      "p2": 0,
      "cx": 960.0,
      "cy": 540.0,
      "is_fisheye": false,
      "camera_angle_x": 1.0253001477273809,
      "camera_angle_y": 0.6132301044021897,
      "fovx": 58.74537119891875,
      "fovy": 35.13549685261232
    },
    {
      "file_path": "/home/doan/VA_0223/20250411_Final/Reconstruction_3D/data/processed_images/hopsap/frame_0002.png",
      "sharpness": 188.44054783950617,
      "transform_matrix": [
        [
          -0.4432628966715477,
          0.18861963574521462,
          0.876322222331353,
          3.4572828297102904
        ],
        [
          0.8322237543925246,
          0.4498204904904514,
          0.3241375463384085,
          1.2236349250492713
        ],
        [
          -0.3330489859550735,
          0.8729743176361704,
          -0.3563624750090469,
          -1.4480569778926642
        ],
        [
          0.0,
          0.0,
          0.0,
          1.0
        ]
      ],
      "w": 1920.0,
      "h": 1080.0,
      "fl_x": 1682.7042978309464,
      "fl_y": 1682.7042978309464,
      "k1": 0.25015359561345646,
      "k2": 0,
      "k3": 0,
      "k4": 0,
      "p1": 0,
      "p2": 0,
      "cx": 960.0,
      "cy": 540.0,
      "is_fisheye": false,
      "camera_angle_x": 1.036907090133946,
      "camera_angle_y": 0.6210600208980018,
      "fovx": 59.41040001186636,
      "fovy": 35.584118021762215
    },
    {
      "file_path": "/home/doan/VA_0223/20250411_Final/Reconstruction_3D/data/processed_images/hopsap/frame_0001.png",
      "sharpness": 227.54065586419753,
      "transform_matrix": [
        [
          -0.45890764053542443,
          0.19174608937620038,
          0.8675466642049949,
          3.4923711497177794
        ],
        [
          0.7971310665648829,
          0.5201099905417612,
          0.3067045165013468,
          1.1761910653240304
        ],
        [
          -0.3924102956810448,
          0.832297443741725,
          -0.39152921331251755,
          -1.6119539686661994
        ],
        [
          0.0,
          0.0,
          0.0,
          1.0
        ]
      ],
      "w": 1920.0,
      "h": 1080.0,
      "fl_x": 1728.1547244194796,
      "fl_y": 1728.1547244194796,
      "k1": 0.22939213637115743,
      "k2": 0,
      "k3": 0,
      "k4": 0,
      "p1": 0,
      "p2": 0,
      "cx": 960.0,
      "cy": 540.0,
      "is_fisheye": false,
      "camera_angle_x": 1.0141209898019639,
      "camera_angle_y": 0.6057187575094417,
      "fovx": 58.10485263128213,
      "fovy": 34.70512837719915
    },
    {
      "file_path": "/home/doan/VA_0223/20250411_Final/Reconstruction_3D/data/processed_images/hopsap/frame_0012.png",
      "sharpness": 123.85284915123457,
      "transform_matrix": [
        [
          -0.3035635396548693,
          0.09556129023287935,
          0.9480069710225258,
          3.772053886415003
        ],
        [
          0.8827479855751854,
          -0.34627177937732695,
          0.31757180094642484,
          1.2724499036848398
        ],
        [
          0.3586156317580994,
          0.9332544639712361,
          0.02075895057833143,
          0.01958274726601443
        ],
        [
          0.0,
          0.0,
          0.0,
          1.0
        ]
      ],
      "w": 1920.0,
      "h": 1080.0,
      "fl_x": 1704.4979194446098,
      "fl_y": 1704.4979194446098,
      "k1": 0.22412408100412373,
      "k2": 0,
      "k3": 0,
      "k4": 0,
      "p1": 0,
      "p2": 0,
      "cx": 960.0,
      "cy": 540.0,
      "is_fisheye": false,
      "camera_angle_x": 1.0258659523194897,
      "camera_angle_y": 0.6136110507219776,
      "fovx": 58.77778941407571,
      "fovy": 35.15732346895721
    },
    {
      "file_path": "/home/doan/VA_0223/20250411_Final/Reconstruction_3D/data/processed_images/hopsap/frame_0016.png",
      "sharpness": 149.35114101080248,
      "transform_matrix": [
        [
          -0.27437213335022603,
          0.034079147679254296,
          0.9610195336414195,
          3.817335376919294
        ],
        [
          0.7538749038933741,
          -0.612797889088907,
          0.23696281648072703,
          0.974225423396632
        ],
        [
          0.5969862324060065,
          0.7895045020460756,
          0.1424432499603727,
          0.5234419304963316
        ],
        [
          0.0,
          0.0,
          0.0,
          1.0
        ]
      ],
      "w": 1920.0,
      "h": 1080.0,
      "fl_x": 1699.7833505971,
      "fl_y": 1699.7833505971,
      "k1": 0.2218981345738704,
      "k2": 0,
      "k3": 0,
      "k4": 0,
      "p1": 0,
      "p2": 0,
      "cx": 960.0,
      "cy": 540.0,
      "is_fisheye": false,
      "camera_angle_x": 1.0282362741474786,
      "camera_angle_y": 0.6152077673651014,
      "fovx": 58.913598850907206,
      "fovy": 35.2488085936865
    },
    {
      "file_path": "/home/doan/VA_0223/20250411_Final/Reconstruction_3D/data/processed_images/hopsap/frame_0014.png",
      "sharpness": 156.87755787037037,
      "transform_matrix": [
        [
          -0.28707156978130377,
          0.06544811600739198,
          0.9556706848284356,
          3.807670953636798
        ],
        [
          0.8251563862260352,
          -0.48982084963305544,
          0.28141157318362975,
          1.1437003293430466
        ],
        [
          0.48652528409961315,
          0.8693630307836431,
          0.08660870932581116,
          0.29053704486564635
        ],
        [
          0.0,
          0.0,
          0.0,
          1.0
        ]
      ],
      "w": 1920.0,
      "h": 1080.0,
      "fl_x": 1706.3943223217598,
      "fl_y": 1706.3943223217598,
      "k1": 0.22541441551859745,
      "k2": 0,
      "k3": 0,
      "k4": 0,
      "p1": 0,
      "p2": 0,
      "cx": 960.0,
      "cy": 540.0,
      "is_fisheye": false,
      "camera_angle_x": 1.0249153113630745,
      "camera_angle_y": 0.6129710438875274,
      "fovx": 58.72332169944083,
      "fovy": 35.12065377848368
    },
    {
      "file_path": "/home/doan/VA_0223/20250411_Final/Reconstruction_3D/data/processed_images/hopsap/frame_0015.png",
      "sharpness": 182.44797743055557,
      "transform_matrix": [
        [
          -0.27976398644769274,
          0.05085483042227662,
          0.9587209698424703,
          3.845101412517933
        ],
        [
          0.7928597129726779,
          -0.5508800449079858,
          0.26058520996710777,
          1.073495041962088
        ],
        [
          0.5413922675844786,
          0.8330335901198955,
          0.11379565116606154,
          0.4082335424894767
        ],
        [
          0.0,
          0.0,
          0.0,
          1.0
        ]
      ],
      "w": 1920.0,
      "h": 1080.0,
      "fl_x": 1720.7995600423062,
      "fl_y": 1720.7995600423062,
      "k1": 0.21486587667689583,
      "k2": 0,
      "k3": 0,
      "k4": 0,
      "p1": 0,
      "p2": 0,
      "cx": 960.0,
      "cy": 540.0,
      "is_fisheye": false,
      "camera_angle_x": 1.0177462584614623,
      "camera_angle_y": 0.6081514011113718,
      "fovx": 58.31256522507244,
      "fovy": 34.84450858864924
    },
    {
      "file_path": "/home/doan/VA_0223/20250411_Final/Reconstruction_3D/data/processed_images/hopsap/frame_0013.png",
      "sharpness": 182.14548900462964,
      "transform_matrix": [
        [
          -0.2948361218181169,
          0.08004679605681955,
          0.952189146975726,
          3.794902656969167
        ],
        [
          0.8546533965435028,
          -0.423581335630835,
          0.3002439406022972,
          1.2124997788676124
        ],
        [
          0.42736311612985134,
          0.9023144476612349,
          0.056474812139547574,
          0.16527389329734787
        ],
        [
          0.0,
          0.0,
          0.0,
          1.0
        ]
      ],
      "w": 1920.0,
      "h": 1080.0,
      "fl_x": 1706.9852579405956,
      "fl_y": 1706.9852579405956,
      "k1": 0.22614706417012273,
      "k2": 0,
      "k3": 0,
      "k4": 0,
      "p1": 0,
      "p2": 0,
      "cx": 960.0,
      "cy": 540.0,
      "is_fisheye": false,
      "camera_angle_x": 1.0246194112605913,
      "camera_angle_y": 0.612771876346839,
      "fovx": 58.70636787241106,
      "fovy": 35.10924231898624
    },
    {
      "file_path": "/home/doan/VA_0223/20250411_Final/Reconstruction_3D/data/processed_images/hopsap/frame_0018.png",
      "sharpness": 155.98407793209876,
      "transform_matrix": [
        [
          -0.2652445294767018,
          0.0013302989902699847,
          0.9641802579359057,
          3.8386857353109245
        ],
        [
          0.6651861608824976,
          -0.7236539211388494,
          0.1839901458701388,
          0.7735120143903165
        ],
        [
          0.6979775862452563,
          0.6901617438447561,
          0.19106034733828076,
          0.7316576134288139
        ],
        [
          0.0,
          0.0,
          0.0,
          1.0
        ]
      ],
      "w": 1920.0,
      "h": 1080.0,
      "fl_x": 1704.2974140414847,
      "fl_y": 1704.2974140414847,
      "k1": 0.2163088901596332,
      "k2": 0,
      "k3": 0,
      "k4": 0,
      "p1": 0,
      "p2": 0,
      "cx": 960.0,
      "cy": 540.0,
      "is_fisheye": false,
      "camera_angle_x": 1.0259665568382093,
      "camera_angle_y": 0.6136787938781417,
      "fovx": 58.78355362839828,
      "fovy": 35.1612048658963
    },
    {
      "file_path": "/home/doan/VA_0223/20250411_Final/Reconstruction_3D/data/processed_images/hopsap/frame_0017.png",
      "sharpness": 176.0218113425926,
      "transform_matrix": [
        [
          -0.26887559366331026,
          0.01825925179658372,
          0.9630018249007121,
          3.8780020031869284
        ],
        [
          0.7118338597996079,
          -0.6697630926490161,
          0.21144728835944226,
          0.8896685889505871
        ],
        [
          0.6488439497520072,
          0.742350321199282,
          0.16708539546636367,
          0.6374966898896295
        ],
        [
          0.0,
          0.0,
          0.0,
          1.0
        ]
      ],
      "w": 1920.0,
      "h": 1080.0,
      "fl_x": 1729.9289159511395,
      "fl_y": 1729.9289159511395,
      "k1": 0.210241685462311,
      "k2": 0,
      "k3": 0,
      "k4": 0,
      "p1": 0,
      "p2": 0,
      "cx": 960.0,
      "cy": 540.0,
      "is_fisheye": false,
      "camera_angle_x": 1.0132500395210697,
      "camera_angle_y": 0.6051347834575087,
      "fovx": 58.05495085602116,
      "fovy": 34.67166912867824
    },
    {
      "file_path": "/home/doan/VA_0223/20250411_Final/Reconstruction_3D/data/processed_images/hopsap/frame_0020.png",
      "sharpness": 142.9268856095679,
      "transform_matrix": [
        [
          -0.26194585202524256,
          -0.0326662209143031,
          0.964529568506854,
          3.809375677818731
        ],
        [
          0.56249044432007,
          -0.8172877338083897,
          0.12508101455257087,
          0.5408186408358369
        ],
        [
          0.7842122611825914,
          0.5753031184784207,
          0.23245956889856234,
          0.902144139688221
        ],
        [
          0.0,
          0.0,
          0.0,
          1.0
        ]
      ],
      "w": 1920.0,
      "h": 1080.0,
      "fl_x": 1687.0994100105481,
      "fl_y": 1687.0994100105481,
      "k1": 0.21811968542745377,
      "k2": 0,
      "k3": 0,
      "k4": 0,
      "p1": 0,
      "p2": 0,
      "cx": 960.0,
      "cy": 540.0,
      "is_fisheye": false,
      "camera_angle_x": 1.0346630705707867,
      "camera_angle_y": 0.6195437339551583,
      "fovx": 59.28182716175253,
      "fovy": 35.49724117940648
    },
    {
      "file_path": "/home/doan/VA_0223/20250411_Final/Reconstruction_3D/data/processed_images/hopsap/frame_0019.png",
      "sharpness": 170.45491898148148,
      "transform_matrix": [
        [
          -0.2630111835187906,
          -0.015564228062093843,
          0.9646672338454055,
          3.86977923783783
        ],
        [
          0.6151004806178861,
          -0.7730165128754083,
          0.155231664141477,
          0.6666718379595681
        ],
        [
          0.7432876401691852,
          0.6341949428800769,
          0.2128855520923698,
          0.8320421596766314
        ],
        [
          0.0,
          0.0,
          0.0,
          1.0
        ]
      ],
      "w": 1920.0,
      "h": 1080.0,
      "fl_x": 1721.3845790261098,
      "fl_y": 1721.3845790261098,
      "k1": 0.2103020945086831,
      "k2": 0,
      "k3": 0,
      "k4": 0,
      "p1": 0,
      "p2": 0,
      "cx": 960.0,
      "cy": 540.0,
      "is_fisheye": false,
      "camera_angle_x": 1.017457044640384,
      "camera_angle_y": 0.6079572193270284,
      "fovx": 58.29599449374779,
      "fovy": 34.83338279194805
    },
    {
      "file_path": "/home/doan/VA_0223/20250411_Final/Reconstruction_3D/data/processed_images/hopsap/frame_0023.png",
      "sharpness": 206.51187596450617,
      "transform_matrix": [
        [
          -0.2676057188758837,
          -0.08379239393737437,
          0.959878124476871,
          3.874731162656919
        ],
        [
          0.3840858154232041,
          -0.9229166248702817,
          0.026513956990312615,
          0.15649668319196952
        ],
        [
          0.883665811000039,
          0.3757708586672317,
          0.27916123681261507,
          1.121427682914431
        ],
        [
          0.0,
          0.0,
          0.0,
          1.0
        ]
      ],
      "w": 1920.0,
      "h": 1080.0,
      "fl_x": 1733.139076335289,
      "fl_y": 1733.139076335289,
      "k1": 0.210349343255649,
      "k2": 0,
      "k3": 0,
      "k4": 0,
      "p1": 0,
      "p2": 0,
      "cx": 960.0,
      "cy": 540.0,
      "is_fisheye": false,
      "camera_angle_x": 1.0116776391367739,
      "camera_angle_y": 0.6040809306118057,
      "fovx": 57.96485895029626,
      "fovy": 34.6112878083916
    },
    {
      "file_path": "/home/doan/VA_0223/20250411_Final/Reconstruction_3D/data/processed_images/hopsap/frame_0021.png",
      "sharpness": 199.42809413580247,
      "transform_matrix": [
        [
          -0.2612452134266856,
          -0.048773112674985686,
          0.9640394814776564,
          3.882959467162578
        ],
        [
          0.5078880176092466,
          -0.8562445861825614,
          0.09431314960569931,
          0.42936498220585767
        ],
        [
          0.8208536410090355,
          0.5142629600424169,
          0.24846107917183824,
          0.9906988261635536
        ],
        [
          0.0,
          0.0,
          0.0,
          1.0
        ]
      ],
      "w": 1920.0,
      "h": 1080.0,
      "fl_x": 1727.4883203069455,
      "fl_y": 1727.4883203069455,
      "k1": 0.21183241551663293,
      "k2": 0,
      "k3": 0,
      "k4": 0,
      "p1": 0,
      "p2": 0,
      "cx": 960.0,
      "cy": 540.0,
      "is_fisheye": false,
      "camera_angle_x": 1.0144484806282716,
      "camera_angle_y": 0.6059383863357972,
      "fovx": 58.12361647345881,
      "fovy": 34.71771218200873
    },
    {
      "file_path": "/home/doan/VA_0223/20250411_Final/Reconstruction_3D/data/processed_images/hopsap/frame_0022.png",
      "sharpness": 205.4648369984568,
      "transform_matrix": [
        [
          -0.2637983939077021,
          -0.06739412438192788,
          0.9622205772464961,
          3.8767942194601566
        ],
        [
          0.44555406546249776,
          -0.8932698527557658,
          0.05958644891312226,
          0.28918962699315326
        ],
        [
          0.8555068568060172,
          0.44444009958579267,
          0.2656708785897936,
          1.0626292959535604
        ],
        [
          0.0,
          0.0,
          0.0,
          1.0
        ]
      ],
      "w": 1920.0,
      "h": 1080.0,
      "fl_x": 1729.2406432414305,
      "fl_y": 1729.2406432414305,
      "k1": 0.2080295445436098,
      "k2": 0,
      "k3": 0,
      "k4": 0,
      "p1": 0,
      "p2": 0,
      "cx": 960.0,
      "cy": 540.0,
      "is_fisheye": false,
      "camera_angle_x": 1.0135877502755115,
      "camera_angle_y": 0.6053611983739132,
      "fovx": 58.074300256946856,
      "fovy": 34.68464174780702
    },
    {
      "file_path": "/home/doan/VA_0223/20250411_Final/Reconstruction_3D/data/processed_images/hopsap/frame_0024.png",
      "sharpness": 200.84545138888888,
      "transform_matrix": [
        [
          -0.27126904874695545,
          -0.10021041144619786,
          0.9572726761669194,
          3.834759449733499
        ],
        [
          0.3205068925164474,
          -0.9472095323112892,
          -0.008332690719208224,
          0.017181561277090134
        ],
        [
          0.90757282625187,
          0.30455208964426045,
          0.2890667563645474,
          1.156116296381819
        ],
        [
          0.0,
          0.0,
          0.0,
          1.0
        ]
      ],
      "w": 1920.0,
      "h": 1080.0,
      "fl_x": 1715.2443690260777,
      "fl_y": 1715.2443690260777,
      "k1": 0.21528872900873805,
      "k2": 0,
      "k3": 0,
      "k4": 0,
      "p1": 0,
      "p2": 0,
      "cx": 960.0,
      "cy": 540.0,
      "is_fisheye": false,
      "camera_angle_x": 1.020500049309915,
      "camera_angle_y": 0.6100013085601768,
      "fovx": 58.47034581835053,
      "fovy": 34.950500477955586
    },
    {
      "file_path": "/home/doan/VA_0223/20250411_Final/Reconstruction_3D/data/processed_images/hopsap/frame_0025.png",
      "sharpness": 208.0735619212963,
      "transform_matrix": [
        [
          -0.27641007601099243,
          -0.11662951960122364,
          0.953936593775108,
          3.828444813254051
        ],
        [
          0.2545053570212762,
          -0.9660531405298205,
          -0.044366123410630565,
          -0.12630282720981584
        ],
        [
          0.926727841942713,
          0.23051872983014862,
          0.2967096595298351,
          1.1919748831009582
        ],
        [
          0.0,
          0.0,
          0.0,
          1.0
        ]
      ],
      "w": 1920.0,
      "h": 1080.0,
      "fl_x": 1718.7796331507366,
      "fl_y": 1718.7796331507366,
      "k1": 0.21391876745087307,
      "k2": 0,
      "k3": 0,
      "k4": 0,
      "p1": 0,
      "p2": 0,
      "cx": 960.0,
      "cy": 540.0,
      "is_fisheye": false,
      "camera_angle_x": 1.0187459965754968,
      "camera_angle_y": 0.6088227880521949,
      "fovx": 58.369845999624985,
      "fovy": 34.88297622677861
    },
    {
      "file_path": "/home/doan/VA_0223/20250411_Final/Reconstruction_3D/data/processed_images/hopsap/frame_0026.png",
      "sharpness": 209.81207947530865,
      "transform_matrix": [
        [
          -0.2832874121062212,
          -0.1320520169346111,
          0.949900261538932,
          3.8123248863207184
        ],
        [
          0.18631895140501373,
          -0.9791812043551387,
          -0.08055692007207921,
          -0.2706769258604613
        ],
        [
          0.940762185884511,
          0.15416365925481515,
          0.3019935026909939,
          1.2162007847873824
        ],
        [
          0.0,
          0.0,
          0.0,
          1.0
        ]
      ],
      "w": 1920.0,
      "h": 1080.0,
      "fl_x": 1718.3210094991186,
      "fl_y": 1718.3210094991186,
      "k1": 0.21370809124080004,
      "k2": 0,
      "k3": 0,
      "k4": 0,
      "p1": 0,
      "p2": 0,
      "cx": 960.0,
      "cy": 540.0,
      "is_fisheye": false,
      "camera_angle_x": 1.0189732363080513,
      "camera_angle_y": 0.6089754263356011,
      "fovx": 58.38286587723803,
      "fovy": 34.89172175620991
    },
    {
      "file_path": "/home/doan/VA_0223/20250411_Final/Reconstruction_3D/data/processed_images/hopsap/frame_0027.png",
      "sharpness": 210.2139178240741,
      "transform_matrix": [
        [
          -0.2895608928471838,
          -0.14725016217823828,
          0.9457652346000536,
          3.783882242381081
        ],
        [
          0.11887999738111309,
          -0.9859776130080165,
          -0.11711401648062081,
          -0.4152279617680979
        ],
        [
          0.9497484063970443,
          0.07852092943535374,
          0.3030056568440536,
          1.2209351135750384
        ],
        [
          0.0,
          0.0,
          0.0,
          1.0
        ]
      ],
      "w": 1920.0,
      "h": 1080.0,
      "fl_x": 1711.5111203771198,
      "fl_y": 1711.5111203771198,
      "k1": 0.20455048219530336,
      "k2": 0,
      "k3": 0,
      "k4": 0,
      "p1": 0,
      "p2": 0,
      "cx": 960.0,
      "cy": 540.0,
      "is_fisheye": false,
      "camera_angle_x": 1.0223583206458284,
      "camera_angle_y": 0.6112506371707113,
      "fovx": 58.57681692308851,
      "fovy": 35.02208173456415
    },
    {
      "file_path": "/home/doan/VA_0223/20250411_Final/Reconstruction_3D/data/processed_images/hopsap/frame_0028.png",
      "sharpness": 213.97809895833333,
      "transform_matrix": [
        [
          -0.2983374598049118,
          -0.16202800701771908,
          0.9406070831782465,
          3.774778046148139
        ],
        [
          0.05043510847752375,
          -0.9867850197715067,
          -0.15398579341598795,
          -0.5647167886989031
        ],
        [
          0.9531269903875,
          0.001499889821052397,
          0.3025668362825067,
          1.2259905137729226
        ],
        [
          0.0,
          0.0,
          0.0,
          1.0
        ]
      ],
      "w": 1920.0,
      "h": 1080.0,
      "fl_x": 1718.1746450816834,
      "fl_y": 1718.1746450816834,
      "k1": 0.20324971100654518,
      "k2": 0,
      "k3": 0,
      "k4": 0,
      "p1": 0,
      "p2": 0,
      "cx": 960.0,
      "cy": 540.0,
      "is_fisheye": false,
      "camera_angle_x": 1.0190457766931875,
      "camera_angle_y": 0.6090241546833898,
      "fovx": 58.3870221351506,
      "fovy": 34.89451368488084
    },
    {
      "file_path": "/home/doan/VA_0223/20250411_Final/Reconstruction_3D/data/processed_images/hopsap/frame_0029.png",
      "sharpness": 206.27851273148147,
      "transform_matrix": [
        [
          -0.30837079867887535,
          -0.1757486370618429,
          0.9348902967723685,
          3.743687792614937
        ],
        [
          -0.017800847844661738,
          -0.9815469206929127,
          -0.1903911034707626,
          -0.7093058139689012
        ],
        [
          0.9510996689262887,
          -0.07535289656292704,
          0.2995519331276194,
          1.2142531061782997
        ],
        [
          0.0,
          0.0,
          0.0,
          1.0
        ]
      ],
      "w": 1920.0,
      "h": 1080.0,
      "fl_x": 1712.703202058508,
      "fl_y": 1712.703202058508,
      "k1": 0.21116873591861077,
      "k2": 0,
      "k3": 0,
      "k4": 0,
      "p1": 0,
      "p2": 0,
      "cx": 960.0,
      "cy": 540.0,
      "is_fisheye": false,
      "camera_angle_x": 1.021764277073917,
      "camera_angle_y": 0.610851169618532,
      "fovx": 58.54278073357111,
      "fovy": 34.99919392977186
    },
    {
      "file_path": "/home/doan/VA_0223/20250411_Final/Reconstruction_3D/data/processed_images/hopsap/frame_0032.png",
      "sharpness": 216.04917341820988,
      "transform_matrix": [
        [
          -0.34175555102563326,
          -0.20957833682779164,
          0.9161222975027584,
          3.6801117047991587
        ],
        [
          -0.21580553850150774,
          -0.9312665734839609,
          -0.29354818795226817,
          -1.1296987375446454
        ],
        [
          0.9146754138974961,
          -0.2980259884720247,
          0.2730373551353925,
          1.1211315917571483
        ],
        [
          0.0,
          0.0,
          0.0,
          1.0
        ]
      ],
      "w": 1920.0,
      "h": 1080.0,
      "fl_x": 1718.7352755753273,
      "fl_y": 1718.7352755753273,
      "k1": 0.21102801556154077,
      "k2": 0,
      "k3": 0,
      "k4": 0,
      "p1": 0,
      "p2": 0,
      "cx": 960.0,
      "cy": 540.0,
      "is_fisheye": false,
      "camera_angle_x": 1.0187679709149395,
      "camera_angle_y": 0.6088375478205579,
      "fovx": 58.37110503653264,
      "fovy": 34.8838218992124
    },
    {
      "file_path": "/home/doan/VA_0223/20250411_Final/Reconstruction_3D/data/processed_images/hopsap/frame_0034.png",
      "sharpness": 209.68754340277778,
      "transform_matrix": [
        [
          -0.3668370564579522,
          -0.22722418781055995,
          0.9021084981249022,
          3.614613734380539
        ],
        [
          -0.3374508672783683,
          -0.8711636763926146,
          -0.356652157001362,
          -1.3821448226930733
        ],
        [
          0.8669241524370286,
          -0.4352505225251936,
          0.24289811949765863,
          1.004666705432444
        ],
        [
          0.0,
          0.0,
          0.0,
          1.0
        ]
      ],
      "w": 1920.0,
      "h": 1080.0,
      "fl_x": 1712.9257012046796,
      "fl_y": 1712.9257012046796,
      "k1": 0.2109165984827333,
      "k2": 0,
      "k3": 0,
      "k4": 0,
      "p1": 0,
      "p2": 0,
      "cx": 960.0,
      "cy": 540.0,
      "is_fisheye": false,
      "camera_angle_x": 1.0216534699599076,
      "camera_angle_y": 0.6107766659772277,
      "fovx": 58.53643195359834,
      "fovy": 34.99492518556677
    },
    {
      "file_path": "/home/doan/VA_0223/20250411_Final/Reconstruction_3D/data/processed_images/hopsap/frame_0031.png",
      "sharpness": 218.104168595679,
      "transform_matrix": [
        [
          -0.3295612187345761,
          -0.19924745452411713,
          0.9228704431706061,
          3.7044366601568166
        ],
        [
          -0.15155494857621787,
          -0.9536379405469695,
          -0.2600111072587816,
          -0.9929460841285996
        ],
        [
          0.9318908200861955,
          -0.2255551599499634,
          0.28408514419384545,
          1.1621602172988603
        ],
        [
          0.0,
          0.0,
          0.0,
          1.0
        ]
      ],
      "w": 1920.0,
      "h": 1080.0,
      "fl_x": 1717.451345346774,
      "fl_y": 1717.451345346774,
      "k1": 0.20833401753455327,
      "k2": 0,
      "k3": 0,
      "k4": 0,
      "p1": 0,
      "p2": 0,
      "cx": 960.0,
      "cy": 540.0,
      "is_fisheye": false,
      "camera_angle_x": 1.0194043931327696,
      "camera_angle_y": 0.609265070088668,
      "fovx": 58.40756934360266,
      "fovy": 34.90831712082297
    },
    {
      "file_path": "/home/doan/VA_0223/20250411_Final/Reconstruction_3D/data/processed_images/hopsap/frame_0033.png",
      "sharpness": 211.88630401234568,
      "transform_matrix": [
        [
          -0.35437723606177957,
          -0.21944161363940504,
          0.9089896328730146,
          3.646118150643407
        ],
        [
          -0.27973564365670156,
          -0.9026818817356561,
          -0.32697613068951825,
          -1.2630016932644883
        ],
        [
          0.8922806420200929,
          -0.37014969748092824,
          0.25850426925604375,
          1.0650312474993637
        ],
        [
          0.0,
          0.0,
          0.0,
          1.0
        ]
      ],
      "w": 1920.0,
      "h": 1080.0,
      "fl_x": 1715.7648250499178,
      "fl_y": 1715.7648250499178,
      "k1": 0.2074904207169094,
      "k2": 0,
      "k3": 0,
      "k4": 0,
      "p1": 0,
      "p2": 0,
      "cx": 960.0,
      "cy": 540.0,
      "is_fisheye": false,
      "camera_angle_x": 1.0202414748263497,
      "camera_angle_y": 0.60982753122808,
      "fovx": 58.45553059175246,
      "fovy": 34.940543770251395
    },
    {
      "file_path": "/home/doan/VA_0223/20250411_Final/Reconstruction_3D/data/processed_images/hopsap/frame_0030.png",
      "sharpness": 201.51490644290124,
      "transform_matrix": [
        [
          -0.3186606842331097,
          -0.18743290119333483,
          0.9291524502364541,
          3.7123118368849317
        ],
        [
          -0.08447121771747103,
          -0.9707384793442219,
          -0.22479194399341673,
          -0.846353346179253
        ],
        [
          0.944097442849069,
          -0.15011899359967815,
          0.29350350263511865,
          1.1909503060016517
        ],
        [
          0.0,
          0.0,
          0.0,
          1.0
        ]
      ],
      "w": 1920.0,
      "h": 1080.0,
      "fl_x": 1707.5084243104516,
      "fl_y": 1707.5084243104516,
      "k1": 0.21141154155360797,
      "k2": 0,
      "k3": 0,
      "k4": 0,
      "p1": 0,
      "p2": 0,
      "cx": 960.0,
      "cy": 540.0,
      "is_fisheye": false,
      "camera_angle_x": 1.0243575752218297,
      "camera_angle_y": 0.6125956541782344,
      "fovx": 58.691365772465595,
