{
  "frames": [
    {
      "file_path": "/home/doan/VA_0223/20250411_Final/Reconstruction_3D/data/processed_images/xe_F1_khan_90/frame_0005.png",
      "sharpness": 114.23141493055556,
      "transform_matrix": [
        [
          0.2650848591098359,
          -0.6685628404699326,
          0.694804825753978,
          2.624944939250784
        ],
        [
          0.9635581055401097,
          0.2104715704357488,
          -0.1650984412029181,
          -0.5196872460374649
        ],
        [
          -0.03585798001499537,
          0.7132499186491581,
          0.6999919705933093,
          2.6014904157274783
        ],
        [
          0.0,
          0.0,
          0.0,
          1.0
        ]
      ],
      "w": 1280.0,
      "h": 720.0,
      "fl_x": 1147.874572785669,
      "fl_y": 1147.874572785669,
      "k1": 0.03695383841282974,
      "k2": 0,
      "k3": 0,
      "k4": 0,
      "p1": 0,
      "p2": 0,
      "cx": 640.0,
      "cy": 360.0,
      "is_fisheye": false,
      "camera_angle_x": 1.017245906354754,
      "camera_angle_y": 0.6078154707447487,
      "fovx": 58.28389716108758,
      "fovy": 34.82526119643146
    },
    {
      "file_path": "/home/doan/VA_0223/20250411_Final/Reconstruction_3D/data/processed_images/xe_F1_khan_90/frame_0000.png",
      "sharpness": 206.5707834201389,
      "transform_matrix": [
        [
          0.4106857582231804,
          -0.649458977627845,
          0.6399533142728208,
          2.3572010321177332
        ],
        [
          0.9114241378959422,
          0.3119420163543746,
          -0.2683248391311817,
          -0.8700597002088292
        ],
        [
          -0.025362351532635052,
          0.6934660877634587,
          0.7200427322914028,
          2.5132471164822365
        ],
        [
          0.0,
          0.0,
          0.0,
          1.0
        ]
      ],
      "w": 1280.0,
      "h": 720.0,
      "fl_x": 1145.5500362371522,
      "fl_y": 1145.5500362371522,
      "k1": 0.021448902994350108,
      "k2": 0,
      "k3": 0,
      "k4": 0,
      "p1": 0,
      "p2": 0,
      "cx": 640.0,
      "cy": 360.0,
      "is_fisheye": false,
      "camera_angle_x": 1.0189712317506068,
      "camera_angle_y": 0.6089740798097087,
      "fovx": 58.382751024556676,
      "fovy": 34.89164460595927
    },
    {
      "file_path": "/home/doan/VA_0223/20250411_Final/Reconstruction_3D/data/processed_images/xe_F1_khan_90/frame_0008.png",
      "sharpness": 109.08556640625,
      "transform_matrix": [
        [
          0.09149056274721912,
          -0.6737232951640477,
          0.733298301211053,
          2.803930528608509
        ],
        [
          0.9949462697282936,
          0.09243740946940915,
          -0.03920772482186988,
          0.05411728432551314
        ],
        [
          -0.04136903776939288,
          0.7331795461960229,
          0.6787756299637746,
          2.552900645570211
        ],
        [
          0.0,
          0.0,
          0.0,
          1.0
        ]
      ],
      "w": 1280.0,
      "h": 720.0,
      "fl_x": 1151.587029788501,
      "fl_y": 1151.587029788501,
      "k1": 0.030230969775836048,
      "k2": 0,
      "k3": 0,
      "k4": 0,
      "p1": 0,
      "p2": 0,
      "cx": 640.0,
      "cy": 360.0,
      "is_fisheye": false,
      "camera_angle_x": 1.0145014629162685,
      "camera_angle_y": 0.6059739207777889,
      "fovx": 58.12665213494998,
      "fovy": 34.71974815556221
    },
    {
      "file_path": "/home/doan/VA_0223/20250411_Final/Reconstruction_3D/data/processed_images/xe_F1_khan_90/frame_0004.png",
      "sharpness": 138.6875217013889,
      "transform_matrix": [
        [
          0.31158700571202136,
          -0.665285385707662,
          0.6784606794153558,
          2.4994318220117653
        ],
        [
          0.9497388582428534,
          0.24070738783343099,
          -0.20014008740713715,
          -0.6912088023087766
        ],
        [
          -0.030160222643542747,
          0.7067215215887427,
          0.7068486768554324,
          2.550710298994983
        ],
        [
          0.0,
          0.0,
          0.0,
          1.0
        ]
      ],
      "w": 1280.0,
      "h": 720.0,
      "fl_x": 1148.2069233548757,
      "fl_y": 1148.2069233548757,
      "k1": 0.025066136445556875,
      "k2": 0,
      "k3": 0,
      "k4": 0,
      "p1": 0,
      "p2": 0,
      "cx": 640.0,
      "cy": 360.0,
      "is_fisheye": false,
      "camera_angle_x": 1.0169996633967446,
      "camera_angle_y": 0.6076501676103777,
      "fovx": 58.26978847885882,
      "fovy": 34.81579002449172
    },
    {
      "file_path": "/home/doan/VA_0223/20250411_Final/Reconstruction_3D/data/processed_images/xe_F1_khan_90/frame_0009.png",
      "sharpness": 120.83942925347222,
      "transform_matrix": [
        [
          0.023393151700580518,
          -0.67147658113296,
          0.7406564396000531,
          2.7773118249965636
        ],
        [
          0.9988841291395055,
          0.04610294820535116,
          0.010247669069368581,
          0.2616265402744512
        ],
        [
          -0.041027515264122634,
          0.7395902373843487,
          0.6718057932437811,
          2.499831811728486
        ],
        [
          0.0,
          0.0,
          0.0,
          1.0
        ]
      ],
      "w": 1280.0,
      "h": 720.0,
      "fl_x": 1149.5727293605216,
      "fl_y": 1149.5727293605216,
      "k1": 0.0291367675310277,
      "k2": 0,
      "k3": 0,
      "k4": 0,
      "p1": 0,
      "p2": 0,
      "cx": 640.0,
      "cy": 360.0,
      "is_fisheye": false,
      "camera_angle_x": 1.015988860471087,
      "camera_angle_y": 0.6069717625379354,
      "fovx": 58.21187373729916,
      "fovy": 34.7769202770405
    },
    {
      "file_path": "/home/doan/VA_0223/20250411_Final/Reconstruction_3D/data/processed_images/xe_F1_khan_90/frame_0003.png",
      "sharpness": 151.98815321180555,
      "transform_matrix": [
        [
          0.34834343638081877,
          -0.6611073990036813,
          0.6645252872468523,
          2.4466173464539294
        ],
        [
          0.936963526197982,
          0.2663718528914198,
          -0.22615345799523867,
          -0.785442193071099
        ],
        [
          -0.02749910766622661,
          0.7014150290940044,
          0.7122224063573884,
          2.5451576016357267
        ],
        [
          0.0,
          0.0,
          0.0,
          1.0
        ]
      ],
      "w": 1280.0,
      "h": 720.0,
      "fl_x": 1146.0949263606838,
      "fl_y": 1146.0949263606838,
      "k1": 0.02606495496841413,
      "k2": 0,
      "k3": 0,
      "k4": 0,
      "p1": 0,
      "p2": 0,
      "cx": 640.0,
      "cy": 360.0,
      "is_fisheye": false,
      "camera_angle_x": 1.0185663227983706,
      "camera_angle_y": 0.608702108637561,
      "fovx": 58.35955145050647,
      "fovy": 34.87606180564598
    },
    {
      "file_path": "/home/doan/VA_0223/20250411_Final/Reconstruction_3D/data/processed_images/xe_F1_khan_90/frame_0006.png",
      "sharpness": 127.8015017361111,
      "transform_matrix": [
        [
          0.21183472948862458,
          -0.6719466206549671,
          0.7096575134882834,
          2.727900660165192
        ],
        [
          0.9764822646856542,
          0.17532251099575574,
          -0.12547670657890136,
          -0.33049187585755263
        ],
        [
          -0.040105288255162574,
          0.7195483001174943,
          0.693283354575087,
          2.5797004525492473
        ],
        [
          0.0,
          0.0,
          0.0,
          1.0
        ]
      ],
      "w": 1280.0,
      "h": 720.0,
      "fl_x": 1145.9044214341084,
      "fl_y": 1145.9044214341084,
      "k1": 0.037225594859378805,
      "k2": 0,
      "k3": 0,
      "k4": 0,
      "p1": 0,
      "p2": 0,
      "cx": 640.0,
      "cy": 360.0,
      "is_fisheye": false,
      "camera_angle_x": 1.0187078540237338,
      "camera_angle_y": 0.6087971686541829,
      "fovx": 58.3676605923891,
      "fovy": 34.881508343398856
    },
    {
      "file_path": "/home/doan/VA_0223/20250411_Final/Reconstruction_3D/data/processed_images/xe_F1_khan_90/frame_0007.png",
      "sharpness": 106.34545355902777,
      "transform_matrix": [
        [
          0.15316830726796446,
          -0.674641294935284,
          0.7220793535991952,
          2.7932356258580695
        ],
        [
          0.9872825144351935,
          0.1359522020995004,
          -0.08240288487782144,
          -0.13684408888044175
        ],
        [
          -0.042575889252017815,
          0.7255178302338855,
          0.6868851226704549,
          2.591305070690407
        ],
        [
          0.0,
          0.0,
          0.0,
          1.0
        ]
      ],
      "w": 1280.0,
      "h": 720.0,
      "fl_x": 1144.770328273136,
      "fl_y": 1144.770328273136,
      "k1": 0.03908772794384958,
      "k2": 0,
      "k3": 0,
      "k4": 0,
      "p1": 0,
      "p2": 0,
      "cx": 640.0,
      "cy": 360.0,
      "is_fisheye": false,
      "camera_angle_x": 1.0195511451640005,
      "camera_angle_y": 0.6093636654891288,
      "fovx": 58.41597761562716,
      "fovy": 34.913966221148776
    },
    {
      "file_path": "/home/doan/VA_0223/20250411_Final/Reconstruction_3D/data/processed_images/xe_F1_khan_90/frame_0002.png",
      "sharpness": 159.014921875,
      "transform_matrix": [
        [
          0.3766961331988654,
          -0.6556370740013082,
          0.6544005275865443,
          2.3996651201139567
        ],
        [
          0.9259820661133925,
          0.2860644616681923,
          -0.24642308538006158,
          -0.8371666859378712
        ],
        [
          -0.025636623974467754,
          0.6987897759938855,
          0.7148675489602937,
          2.532970073668413
        ],
        [
          0.0,
          0.0,
          0.0,
          1.0
        ]
      ],
      "w": 1280.0,
      "h": 720.0,
      "fl_x": 1151.415037352111,
      "fl_y": 1151.415037352111,
      "k1": 0.017386084487103805,
      "k2": 0,
      "k3": 0,
      "k4": 0,
      "p1": 0,
      "p2": 0,
      "cx": 640.0,
      "cy": 360.0,
      "is_fisheye": false,
      "camera_angle_x": 1.0146283101588598,
      "camera_angle_y": 0.6060589980068919,
      "fovx": 58.13391994659334,
      "fovy": 34.724622721722476
    },
    {
      "file_path": "/home/doan/VA_0223/20250411_Final/Reconstruction_3D/data/processed_images/xe_F1_khan_90/frame_0011.png",
      "sharpness": 124.82744574652777,
      "transform_matrix": [
        [
          -0.12747446275381785,
          -0.6552622452994322,
          0.7445680971598865,
          2.796966351530845
        ],
        [
          0.9909280268444598,
          -0.05192148024809793,
          0.12395888634688831,
          0.6706448723305556
        ],
        [
          -0.04256650044242827,
          0.7536149878106115,
          0.6559363866002462,
          2.513816854421829
        ],
        [
          0.0,
          0.0,
          0.0,
          1.0
        ]
      ],
      "w": 1280.0,
      "h": 720.0,
      "fl_x": 1139.013754353105,
      "fl_y": 1139.013754353105,
      "k1": 0.040650273938713115,
      "k2": 0,
      "k3": 0,
      "k4": 0,
      "p1": 0,
      "p2": 0,
      "cx": 640.0,
      "cy": 360.0,
      "is_fisheye": false,
      "camera_angle_x": 1.0238513283672315,
      "camera_angle_y": 0.6122549831598461,
      "fovx": 58.66235996430534,
      "fovy": 35.07962652091247
    },
    {
      "file_path": "/home/doan/VA_0223/20250411_Final/Reconstruction_3D/data/processed_images/xe_F1_khan_90/frame_0010.png",
      "sharpness": 113.61946831597223,
      "transform_matrix": [
        [
          -0.052569194238345336,
          -0.6648080935853533,
          0.7451621827481998,
          2.7380288337290324
        ],
        [
          0.9976625519941715,
          -0.00234184534631518,
          0.06829310441193892,
          0.4262726328596389
        ],
        [
          -0.043656753959207636,
          0.7470105183610867,
          0.6633772481556303,
          2.4510644841667353
        ],
        [
          0.0,
          0.0,
          0.0,
          1.0
        ]
      ],
      "w": 1280.0,
      "h": 720.0,
      "fl_x": 1143.7534071428813,
      "fl_y": 1143.7534071428813,
      "k1": 0.03598009446603386,
      "k2": 0,
      "k3": 0,
      "k4": 0,
      "p1": 0,
      "p2": 0,
      "cx": 640.0,
      "cy": 360.0,
      "is_fisheye": false,
      "camera_angle_x": 1.0203083925365146,
      "camera_angle_y": 0.6098725023835195,
      "fovx": 58.45936469411959,
      "fovy": 34.94312042765791
    },
    {
      "file_path": "/home/doan/VA_0223/20250411_Final/Reconstruction_3D/data/processed_images/xe_F1_khan_90/frame_0001.png",
      "sharpness": 156.94151041666666,
      "transform_matrix": [
        [
          0.39696134217318985,
          -0.6525779214987292,
          0.6454174999719023,
          2.368204046039508
        ],
        [
          0.9174943356590345,
          0.30129981435153635,
          -0.2596585563902825,
          -0.8674215787909142
        ],
        [
          -0.025016731892235675,
          0.6952413094108747,
          0.7183409252527491,
          2.510896560930957
        ],
        [
          0.0,
          0.0,
          0.0,
          1.0
        ]
      ],
      "w": 1280.0,
      "h": 720.0,
      "fl_x": 1149.1788303348583,
      "fl_y": 1149.1788303348583,
      "k1": 0.019721031066306623,
      "k2": 0,
      "k3": 0,
      "k4": 0,
      "p1": 0,
      "p2": 0,
      "cx": 640.0,
      "cy": 360.0,
      "is_fisheye": false,
      "camera_angle_x": 1.016280188286029,
      "camera_angle_y": 0.6071672641644811,
      "fovx": 58.22856559155011,
      "fovy": 34.78812169512952
    },
    {
      "file_path": "/home/doan/VA_0223/20250411_Final/Reconstruction_3D/data/processed_images/xe_F1_khan_90/frame_0013.png",
      "sharpness": 136.70526041666668,
      "transform_matrix": [
        [
          -0.2741361597238637,
          -0.6261743272132336,
          0.7299007315713751,
          2.869304044293833
        ],
        [
          0.9612737695809176,
          -0.15606598987929376,
          0.22714785211411986,
          1.0615513527975893
        ],
        [
          -0.02832147328918272,
          0.7639038675255742,
          0.644708287064073,
          2.5705525257736004
        ],
        [
          0.0,
          0.0,
          0.0,
          1.0
        ]
      ],
      "w": 1280.0,
      "h": 720.0,
      "fl_x": 1154.889353781785,
      "fl_y": 1154.889353781785,
      "k1": 0.0383908243965576,
      "k2": 0,
      "k3": 0,
      "k4": 0,
      "p1": 0,
      "p2": 0,
      "cx": 640.0,
      "cy": 360.0,
      "is_fisheye": false,
      "camera_angle_x": 1.012071547695412,
      "camera_angle_y": 0.6043448819468735,
      "fovx": 57.98742824822031,
      "fovy": 34.62641110588783
    },
    {
      "file_path": "/home/doan/VA_0223/20250411_Final/Reconstruction_3D/data/processed_images/xe_F1_khan_90/frame_0012.png",
      "sharpness": 121.51412977430556,
      "transform_matrix": [
        [
          -0.2002736693420381,
          -0.6428367419293723,
          0.7393587631667238,
          2.848067203178985
        ],
        [
          0.9790788889706792,
          -0.10359860717806749,
          0.1751338281545691,
          0.8967337360590376
        ],
        [
          -0.035985921423530534,
          0.7589652507824449,
          0.650135956276017,
          2.5442124874091983
        ],
        [
          0.0,
          0.0,
          0.0,
          1.0
        ]
      ],
      "w": 1280.0,
      "h": 720.0,
      "fl_x": 1145.8690081079983,
      "fl_y": 1145.8690081079983,
      "k1": 0.04504713815139732,
      "k2": 0,
      "k3": 0,
      "k4": 0,
      "p1": 0,
      "p2": 0,
      "cx": 640.0,
      "cy": 360.0,
      "is_fisheye": false,
      "camera_angle_x": 1.0187341674884491,
      "camera_angle_y": 0.6088148427139634,
      "fovx": 58.36916824286166,
      "fovy": 34.88252099243114
    },
    {
      "file_path": "/home/doan/VA_0223/20250411_Final/Reconstruction_3D/data/processed_images/xe_F1_khan_90/frame_0020.png",
      "sharpness": 136.32223307291667,
      "transform_matrix": [
        [
          -0.7107935656288156,
          -0.41412730539041237,
          0.5685693291659977,
          2.224117542373651
        ],
        [
          0.7033031311283923,
          -0.4318827762684527,
          0.5646609365885177,
          2.668207748554166
        ],
        [
          0.011713788252673399,
          0.8012339499550748,
          0.5982365290443663,
          2.553070057264488
        ],
        [
          0.0,
          0.0,
          0.0,
          1.0
        ]
      ],
      "w": 1280.0,
      "h": 720.0,
      "fl_x": 1144.1279271694186,
      "fl_y": 1144.1279271694186,
      "k1": 0.05952026507287131,
      "k2": 0,
      "k3": 0,
      "k4": 0,
      "p1": 0,
      "p2": 0,
      "cx": 640.0,
      "cy": 360.0,
      "is_fisheye": false,
      "camera_angle_x": 1.0200293880138176,
      "camera_angle_y": 0.6096850080308405,
      "fovx": 58.44337891250399,
      "fovy": 34.93237779256686
    },
    {
      "file_path": "/home/doan/VA_0223/20250411_Final/Reconstruction_3D/data/processed_images/xe_F1_khan_90/frame_0014.png",
      "sharpness": 160.34855034722221,
      "transform_matrix": [
        [
          -0.3512553437988619,
          -0.6045082642208858,
          0.7149751338465674,
          2.830925190424603
        ],
        [
          0.9359899769082545,
          -0.20772173478498562,
          0.2842084517155856,
          1.2102288662802796
        ],
        [
          -0.02329048269275774,
          0.769039296436925,
          0.638777045635352,
          2.5698138131486314
        ],
        [
          0.0,
          0.0,
          0.0,
          1.0
        ]
      ],
      "w": 1280.0,
      "h": 720.0,
      "fl_x": 1147.1865685374578,
      "fl_y": 1147.1865685374578,
      "k1": 0.056448863131436086,
      "k2": 0,
      "k3": 0,
      "k4": 0,
      "p1": 0,
      "p2": 0,
      "cx": 640.0,
      "cy": 360.0,
      "is_fisheye": false,
      "camera_angle_x": 1.0177560036711355,
      "camera_angle_y": 0.6081579445068197,
      "fovx": 58.31312358445719,
      "fovy": 34.8448834975921
    },
    {
      "file_path": "/home/doan/VA_0223/20250411_Final/Reconstruction_3D/data/processed_images/xe_F1_khan_90/frame_0022.png",
      "sharpness": 118.00666232638889,
      "transform_matrix": [
        [
          -0.7826219557775156,
          -0.35516059903334296,
          0.5112375409795088,
          2.025491167389685
        ],
        [
          0.6221350050586922,
          -0.47427364804982264,
          0.6229065276969756,
          2.749340353832073
        ],
        [
          0.021234638061734812,
          0.8055590951162686,
          0.5921348110867464,
          2.472620019577136
        ],
        [
          0.0,
          0.0,
          0.0,
          1.0
        ]
      ],
      "w": 1280.0,
      "h": 720.0,
      "fl_x": 1129.0945112465306,
      "fl_y": 1129.0945112465306,
      "k1": 0.08509291476600539,
      "k2": 0,
      "k3": 0,
      "k4": 0,
      "p1": 0,
      "p2": 0,
      "cx": 640.0,
      "cy": 360.0,
      "is_fisheye": false,
      "camera_angle_x": 1.031339041379956,
      "camera_angle_y": 0.6172998874867756,
      "fovx": 59.09137431813964,
      "fovy": 35.36867824689281
    },
    {
      "file_path": "/home/doan/VA_0223/20250411_Final/Reconstruction_3D/data/processed_images/xe_F1_khan_90/frame_0018.png",
      "sharpness": 88.08990234375,
      "transform_matrix": [
        [
          -0.6160911341516152,
          -0.48059723664099135,
          0.6240657101863084,
          2.355983638167221
        ],
        [
          0.7876745838039383,
          -0.3765913502058447,
          0.48759379095800676,
          2.2584229914442533
        ],
        [
          0.0006815198785079385,
          0.7919629102139136,
          0.6105688204085228,
          2.6046725384313416
        ],
        [
          0.0,
          0.0,
          0.0,
          1.0
        ]
      ],
      "w": 1280.0,
      "h": 720.0,
      "fl_x": 1125.272001551171,
      "fl_y": 1125.272001551171,
      "k1": 0.08930581464142036,
      "k2": 0,
      "k3": 0,
      "k4": 0,
      "p1": 0,
      "p2": 0,
      "cx": 640.0,
      "cy": 360.0,
      "is_fisheye": false,
      "camera_angle_x": 1.0342511876852631,
      "camera_angle_y": 0.6192655546055804,
      "fovx": 59.25822801075836,
      "fovy": 35.48130267672798
    },
    {
      "file_path": "/home/doan/VA_0223/20250411_Final/Reconstruction_3D/data/processed_images/xe_F1_khan_90/frame_0017.png",
      "sharpness": 88.55600694444445,
      "transform_matrix": [
        [
          -0.5599530385299372,
          -0.513679874673549,
          0.650065828262015,
          2.4938680405564955
        ],
        [
          0.8285032380843647,
          -0.3415576934432233,
          0.4437575087081198,
          1.9948887448149262
        ],
        [
          -0.005914316571200992,
          0.7870650090546606,
          0.6168417077826155,
          2.558731042036291
        ],
        [
          0.0,
          0.0,
          0.0,
          1.0
        ]
      ],
      "w": 1280.0,
      "h": 720.0,
      "fl_x": 1125.9393241047835,
      "fl_y": 1125.9393241047835,
      "k1": 0.07967724133314134,
      "k2": 0,
      "k3": 0,
      "k4": 0,
      "p1": 0,
      "p2": 0,
      "cx": 640.0,
      "cy": 360.0,
      "is_fisheye": false,
      "camera_angle_x": 1.0337417167527811,
      "camera_angle_y": 0.6189215216946988,
      "fovx": 59.229037476542544,
      "fovy": 35.461591042920865
    },
    {
      "file_path": "/home/doan/VA_0223/20250411_Final/Reconstruction_3D/data/processed_images/xe_F1_khan_90/frame_0015.png",
      "sharpness": 115.39254340277778,
      "transform_matrix": [
        [
          -0.43036052732591634,
          -0.5767906061921226,
          0.6943359512554459,
          2.7982660373702495
        ],
        [
          0.9023513085022535,
          -0.25488361524262,
          0.34755784946752605,
          1.4886190957686565
        ],
        [
          -0.02349324523229321,
          0.7761101335286148,
          0.6301596052918198,
          2.536416713734367
        ],
        [
          0.0,
          0.0,
          0.0,
          1.0
        ]
      ],
      "w": 1280.0,
      "h": 720.0,
      "fl_x": 1150.1476144113874,
      "fl_y": 1150.1476144113874,
      "k1": 0.06735066814092125,
      "k2": 0,
      "k3": 0,
      "k4": 0,
      "p1": 0,
      "p2": 0,
      "cx": 640.0,
      "cy": 360.0,
      "is_fisheye": false,
      "camera_angle_x": 1.0155639487832997,
      "camera_angle_y": 0.6066866520464643,
      "fovx": 58.187528090923166,
      "fovy": 34.76058464918432
    },
    {
      "file_path": "/home/doan/VA_0223/20250411_Final/Reconstruction_3D/data/processed_images/xe_F1_khan_90/frame_0016.png",
      "sharpness": 105.70344618055556,
      "transform_matrix": [
        [
          -0.4992567348487541,
          -0.5467019896964921,
          0.6722050633903164,
          2.6680357732827815
        ],
        [
          0.8663152024285571,
          -0.3010719090336501,
          0.39856451878381105,
          1.7652479183027223
        ],
        [
          -0.015513953744526007,
          0.7813274858390533,
          0.6239284231308327,
          2.525590359309355
        ],
        [
          0.0,
          0.0,
          0.0,
          1.0
        ]
      ],
      "w": 1280.0,
      "h": 720.0,
      "fl_x": 1149.7172342013662,
      "fl_y": 1149.7172342013662,
      "k1": 0.06283261900901695,
      "k2": 0,
      "k3": 0,
      "k4": 0,
      "p1": 0,
      "p2": 0,
      "cx": 640.0,
      "cy": 360.0,
      "is_fisheye": false,
      "camera_angle_x": 1.015882022863223,
      "camera_angle_y": 0.6069000718725994,
      "fovx": 58.20575239327528,
      "fovy": 34.77281270448627
    },
    {
      "file_path": "/home/doan/VA_0223/20250411_Final/Reconstruction_3D/data/processed_images/xe_F1_khan_90/frame_0019.png",
      "sharpness": 115.64473090277778,
      "transform_matrix": [
        [
          -0.6667830123960099,
          -0.44742665511763063,
          0.5959948009403048,
          2.280814597634333
        ],
        [
          0.7452308480209374,
          -0.4063178941017903,
          0.5287123528839193,
          2.5248659521073056
        ],
        [
          0.0056033528434559915,
          0.7966901262677348,
          0.6043620150400781,
          2.581937662967634
        ],
        [
          0.0,
          0.0,
          0.0,
          1.0
        ]
      ],
      "w": 1280.0,
      "h": 720.0,
      "fl_x": 1134.7765816237156,
      "fl_y": 1134.7765816237156,
      "k1": 0.08139436924225903,
      "k2": 0,
      "k3": 0,
      "k4": 0,
      "p1": 0,
      "p2": 0,
      "cx": 640.0,
      "cy": 360.0,
      "is_fisheye": false,
      "camera_angle_x": 1.0270376824186005,
      "camera_angle_y": 0.6144001959655255,
      "fovx": 58.8449246034832,
      "fovy": 35.202538160835324
    },
    {
      "file_path": "/home/doan/VA_0223/20250411_Final/Reconstruction_3D/data/processed_images/xe_F1_khan_90/frame_0021.png",
      "sharpness": 119.73377170138889,
      "transform_matrix": [
        [
          -0.7491703993401237,
          -0.38389653432483667,
          0.5397843678391038,
          2.123534802643236
        ],
        [
          0.662166950867626,
          -0.454598423622213,
          0.5957140273824673,
          2.6942706388075885
        ],
        [
          0.016692572154749355,
          0.803718684764665,
          0.5947752801469702,
          2.5117939401362945
        ],
        [
          0.0,
          0.0,
          0.0,
          1.0
        ]
      ],
      "w": 1280.0,
      "h": 720.0,
      "fl_x": 1130.3343404389952,
      "fl_y": 1130.3343404389952,
      "k1": 0.07971273579891189,
      "k2": 0,
      "k3": 0,
      "k4": 0,
      "p1": 0,
      "p2": 0,
      "cx": 640.0,
      "cy": 360.0,
      "is_fisheye": false,
      "camera_angle_x": 1.0303976900131855,
      "camera_angle_y": 0.6166649162889812,
      "fovx": 59.03743885778482,
      "fovy": 35.33229707714683
    },
    {
      "file_path": "/home/doan/VA_0223/20250411_Final/Reconstruction_3D/data/processed_images/xe_F1_khan_90/frame_0023.png",
      "sharpness": 95.71068358862154,
      "transform_matrix": [
        [
          -0.8133276682602386,
          -0.32694794410376593,
          0.4812516451568822,
          1.876211200333982
        ],
        [
          0.5812842505697963,
          -0.4916622866519053,
          0.648364724460777,
          2.8406693370498743
        ],
        [
          0.024631770620968226,
          0.8070769714183756,
          0.5899322318377845,
          2.417322069848762
        ],
        [
          0.0,
          0.0,
          0.0,
          1.0
        ]
      ],
      "w": 1280.0,
      "h": 720.0,
      "fl_x": 1137.9831716522015,
      "fl_y": 1137.9831716522015,
      "k1": 0.08812922178843524,
      "k2": 0,
      "k3": 0,
      "k4": 0,
      "p1": 0,
      "p2": 0,
      "cx": 640.0,
      "cy": 360.0,
      "is_fisheye": false,
      "camera_angle_x": 1.024624667815008,
      "camera_angle_y": 0.6127754143038473,
      "fovx": 58.706669050793906,
      "fovy": 35.109445028990905
    },
    {
      "file_path": "/home/doan/VA_0223/20250411_Final/Reconstruction_3D/data/processed_images/xe_F1_khan_90/frame_0024.png",
      "sharpness": 109.39001301930752,
      "transform_matrix": [
        [
          -0.8426590268021552,
          -0.30189560271147914,
          0.44585290140341055,
          1.7308457234873316
        ],
        [
          0.5379083045818608,
          -0.5090360417751163,
          0.6719650020924894,
          2.912881915643057
        ],
        [
          0.02409191683661071,
          0.8060653529951775,
          0.5913359673846915,
          2.4230097012911087
        ],
        [
          0.0,
          0.0,
          0.0,
          1.0
        ]
      ],
      "w": 1280.0,
      "h": 720.0,
      "fl_x": 1139.3186925315167,
      "fl_y": 1139.3186925315167,
      "k1": 0.0877585281980433,
      "k2": 0,
      "k3": 0,
      "k4": 0,
      "p1": 0,
      "p2": 0,
      "cx": 640.0,
      "cy": 360.0,
      "is_fisheye": false,
      "camera_angle_x": 1.0236227095280817,
      "camera_angle_y": 0.6121011573768214,
      "fovx": 58.64926106970488,
      "fovy": 35.07081295276486
    },
    {
      "file_path": "/home/doan/VA_0223/20250411_Final/Reconstruction_3D/data/processed_images/xe_F1_khan_90/frame_0025.png",
      "sharpness": 120.33760633680555,
      "transform_matrix": [
        [
          -0.868148525514329,
          -0.27525044985069613,
          0.4129834471038858,
          1.5659964866763791
        ],
        [
          0.49560471472096973,
          -0.5249684510127111,
          0.691942260733531,
          2.974312400974267
        ],
        [
          0.026345861982404593,
          0.8053851968832701,
          0.5921660073632992,
          2.4771229700435105
        ],
        [
          0.0,
          0.0,
          0.0,
          1.0
        ]
      ],
      "w": 1280.0,
      "h": 720.0,
      "fl_x": 1138.077599141982,
      "fl_y": 1138.077599141982,
      "k1": 0.07328701011241506,
      "k2": 0,
      "k3": 0,
      "k4": 0,
      "p1": 0,
      "p2": 0,
      "cx": 640.0,
      "cy": 360.0,
      "is_fisheye": false,
      "camera_angle_x": 1.024553766041033,
      "camera_angle_y": 0.6127276939663537,
      "fovx": 58.70260667838516,
      "fovy": 35.10671085505559
    },
    {
      "file_path": "/home/doan/VA_0223/20250411_Final/Reconstruction_3D/data/processed_images/xe_F1_khan_90/frame_0028.png",
      "sharpness": 155.89075303819445,
      "transform_matrix": [
        [
          -0.9356333249611133,
          -0.18162012666901867,
          0.30266220591356224,
          1.1387936520594528
        ],
        [
          0.3509607985038896,
          -0.570117003291213,
          0.7428277865515858,
          3.1251820679289524
        ],
        [
          0.03764039315818225,
          0.8012370012691367,
          0.5971620120863598,
          2.5041320729243433
        ],
        [
          0.0,
          0.0,
          0.0,
          1.0
        ]
      ],
      "w": 1280.0,
      "h": 720.0,
      "fl_x": 1140.3997278330312,
      "fl_y": 1140.3997278330312,
      "k1": 0.09333725806143392,
      "k2": 0,
      "k3": 0,
      "k4": 0,
      "p1": 0,
      "p2": 0,
      "cx": 640.0,
      "cy": 360.0,
      "is_fisheye": false,
      "camera_angle_x": 1.0228129826068142,
      "camera_angle_y": 0.6115564327733942,
      "fovx": 58.60286713455813,
      "fovy": 35.03960253199155
    },
    {
      "file_path": "/home/doan/VA_0223/20250411_Final/Reconstruction_3D/data/processed_images/xe_F1_khan_90/frame_0026.png",
      "sharpness": 98.86715711805556,
      "transform_matrix": [
        [
          -0.8914104334687997,
          -0.2474419789955394,
          0.37968395569375846,
          1.3892970726620484
        ],
        [
          0.45225046499786214,
          -0.5398029710674714,
          0.7099875135080312,
          3.0501457380492307
        ],
        [
          0.02927381194559147,
          0.8046025226883594,
          0.5930917504877246,
          2.5065702908962697
        ],
        [
          0.0,
          0.0,
          0.0,
          1.0
        ]
      ],
      "w": 1280.0,
      "h": 720.0,
      "fl_x": 1139.1291622078072,
      "fl_y": 1139.1291622078072,
      "k1": 0.08762957080315886,
      "k2": 0,
      "k3": 0,
      "k4": 0,
      "p1": 0,
      "p2": 0,
      "cx": 640.0,
      "cy": 360.0,
      "is_fisheye": false,
      "camera_angle_x": 1.0237647936257421,
      "camera_angle_y": 0.6121967569671664,
      "fovx": 58.65740188883675,
      "fovy": 35.07629040581481
    },
    {
      "file_path": "/home/doan/VA_0223/20250411_Final/Reconstruction_3D/data/processed_images/xe_F1_khan_90/frame_0030.png",
      "sharpness": 151.93167100694444,
      "transform_matrix": [
        [
          -0.9734424016017272,
          -0.10394726609481006,
          0.2039726861930252,
          0.8363767451656883
        ],
        [
          0.22526145521345012,
          -0.5938165275282785,
          0.7724242412241766,
          3.2252037745828854
        ],
        [
          0.04083096408514606,
          0.7978576925482916,
          0.6014614990939023,
          2.526792816619169
        ],
        [
          0.0,
          0.0,
          0.0,
          1.0
        ]
      ],
      "w": 1280.0,
      "h": 720.0,
      "fl_x": 1132.5654531478356,
      "fl_y": 1132.5654531478356,
      "k1": 0.08765008598255365,
      "k2": 0,
      "k3": 0,
      "k4": 0,
      "p1": 0,
      "p2": 0,
      "cx": 640.0,
      "cy": 360.0,
      "is_fisheye": false,
      "camera_angle_x": 1.0287076311875907,
      "camera_angle_y": 0.6155254451066827,
      "fovx": 58.94060561994941,
      "fovy": 35.26701018752435
    },
    {
      "file_path": "/home/doan/VA_0223/20250411_Final/Reconstruction_3D/data/processed_images/xe_F1_khan_90/frame_0029.png",
      "sharpness": 151.10894965277777,
      "transform_matrix": [
        [
          -0.956749775527338,
          -0.14445357754169685,
          0.25251342744756217,
          1.0145770840284902
        ],
        [
          0.28851158454089926,
          -0.5824368418334049,
          0.7599528872648604,
          3.176906116010541
        ],
        [
          0.03729520987453574,
          0.7999378033727572,
          0.5989228482321184,
          2.546815073026458
        ],
        [
          0.0,
          0.0,
          0.0,
          1.0
        ]
      ],
      "w": 1280.0,
      "h": 720.0,
      "fl_x": 1134.2290665512946,
      "fl_y": 1134.2290665512946,
      "k1": 0.101494039614697,
      "k2": 0,
      "k3": 0,
      "k4": 0,
      "p1": 0,
      "p2": 0,
      "cx": 640.0,
      "cy": 360.0,
      "is_fisheye": false,
      "camera_angle_x": 1.0274507316872736,
      "camera_angle_y": 0.6146784565714678,
      "fovx": 58.868590583309135,
      "fovy": 35.21848131916057
    },
    {
      "file_path": "/home/doan/VA_0223/20250411_Final/Reconstruction_3D/data/processed_images/xe_F1_khan_90/frame_0027.png",
      "sharpness": 154.11770182291667,
      "transform_matrix": [
        [
          -0.9137412980113395,
          -0.21618205819288633,
          0.3440089506125705,
          1.2537315002834561
        ],
        [
          0.4048709063526397,
          -0.5553428112340605,
          0.726411667858668,
          3.0918757205058798
        ],
        [
          0.03400572826984995,
          0.8030315559076932,
          0.5949654870160097,
          2.4922890607410793
        ],
        [
          0.0,
          0.0,
          0.0,
          1.0
        ]
      ],
      "w": 1280.0,
      "h": 720.0,
      "fl_x": 1140.7535798108818,
      "fl_y": 1140.7535798108818,
      "k1": 0.08608270546505029,
      "k2": 0,
      "k3": 0,
      "k4": 0,
      "p1": 0,
      "p2": 0,
      "cx": 640.0,
      "cy": 360.0,
      "is_fisheye": false,
      "camera_angle_x": 1.0225481907108338,
      "camera_angle_y": 0.6113783336898009,
      "fovx": 58.58769567646919,
      "fovy": 35.029398206166505
    },
    {
      "file_path": "/home/doan/VA_0223/20250411_Final/Reconstruction_3D/data/processed_images/xe_F1_khan_90/frame_0031.png",
      "sharpness": 129.80981770833333,
      "transform_matrix": [
        [
          -0.9858289775913445,
          -0.06035318108560145,
          0.15652067132354897,
          0.6171671637682017
        ],
        [
          0.16104692824411299,
          -0.601677899095184,
          0.78233470627661,
          3.27473014107292
        ],
        [
          0.046958640489457644,
          0.7964553969462594,
          0.6028712025279107,
          2.5516988333813586
        ],
        [
          0.0,
          0.0,
          0.0,
          1.0
        ]
      ],
      "w": 1280.0,
      "h": 720.0,
      "fl_x": 1133.8729680129486,
      "fl_y": 1133.8729680129486,
      "k1": 0.08482246547464747,
      "k2": 0,
      "k3": 0,
      "k4": 0,
      "p1": 0,
      "p2": 0,
      "cx": 640.0,
      "cy": 360.0,
      "is_fisheye": false,
      "camera_angle_x": 1.027719537336519,
      "camera_angle_y": 0.614859565617354,
      "fovx": 58.88399201252018,
      "fovy": 35.22885810312149
    },
    {
      "file_path": "/home/doan/VA_0223/20250411_Final/Reconstruction_3D/data/processed_images/xe_F1_khan_90/frame_0032.png",
      "sharpness": 141.26712673611112,
      "transform_matrix": [
        [
          -0.9944148363163152,
          -0.01557848304101609,
          0.10438603478271413,
          0.3554819765744266
        ],
        [
          0.09237079365230652,
          -0.6069187714638672,
          0.7893777557837576,
          3.340212909383153
        ],
        [
          0.05105653600687689,
          0.7946111726885426,
          0.6049680276249387,
          2.6112967205298894
        ],
        [
          0.0,
          0.0,
          0.0,
          1.0
        ]
      ],
      "w": 1280.0,
      "h": 720.0,
      "fl_x": 1132.9621435248646,
      "fl_y": 1132.9621435248646,
      "k1": 0.09244659071184982,
      "k2": 0,
      "k3": 0,
      "k4": 0,
      "p1": 0,
      "p2": 0,
      "cx": 640.0,
      "cy": 360.0,
      "is_fisheye": false,
      "camera_angle_x": 1.0284076680838332,
      "camera_angle_y": 0.6153232746550246,
      "fovx": 58.923419000094455,
      "fovy": 35.255426673902086
    },
    {
      "file_path": "/home/doan/VA_0223/20250411_Final/Reconstruction_3D/data/processed_images/xe_F1_khan_90/frame_0034.png",
      "sharpness": 93.79427300347223,
      "transform_matrix": [
        [
          -0.997159723283097,
          0.0752283245232301,
          -0.003631188362869856,
          -0.10579320347767335
        ],
        [
          -0.048680751781647644,
          -0.6069806646901867,
          0.7932242161580807,
          3.5005127977220916
        ],
        [
          0.05746886762671479,
          0.7911480088650088,
          0.6089188430337216,
          2.618434413738671
        ],
        [
          0.0,
          0.0,
          0.0,
          1.0
        ]
      ],
      "w": 1280.0,
      "h": 720.0,
      "fl_x": 1153.0663371060352,
      "fl_y": 1153.0663371060352,
      "k1": 0.062183015598492535,
      "k2": 0,
      "k3": 0,
      "k4": 0,
      "p1": 0,
      "p2": 0,
      "cx": 640.0,
      "cy": 360.0,
      "is_fisheye": false,
      "camera_angle_x": 1.0134116437097207,
      "camera_angle_y": 0.6052431261280182,
      "fovx": 58.064210093982496,
      "fovy": 34.677876706439605
    },
    {
      "file_path": "/home/doan/VA_0223/20250411_Final/Reconstruction_3D/data/processed_images/xe_F1_khan_90/frame_0035.png",
      "sharpness": 126.9888863804947,
      "transform_matrix": [
        [
          -0.9913068339367342,
          0.1198898176252239,
          -0.0541958734373795,
          -0.22611572934418933
        ],
        [
          -0.116077845522911,
          -0.6030135228153563,
          0.7892405368973024,
          3.4518112236144445
        ],
        [
          0.06194105946752199,
          0.7886704780710365,
          0.6116879778531983,
          2.542291538441161
        ],
        [
          0.0,
          0.0,
          0.0,
          1.0
        ]
      ],
      "w": 1280.0,
      "h": 720.0,
      "fl_x": 1162.4733204745562,
      "fl_y": 1162.4733204745562,
      "k1": 0.04040847186188521,
      "k2": 0,
      "k3": 0,
      "k4": 0,
      "p1": 0,
      "p2": 0,
      "cx": 640.0,
