{
  "camera_angle_x": 0.7364543223696838,
  "camera_angle_y": 0.44483969376833254,
  "fl_x": 1658.7830404692372,
  "fl_y": 1591.7817719456668,
  "k1": 2.817985678272635,
  "k2": -5.314205851293956,
  "k3": 0,
  "k4": 0,
  "p1": 0.24129876203854042,
  "p2": -0.12524313105104332,
  "is_fisheye": false,
  "cx": 504.17548195740244,
  "cy": 404.5473680686912,
  "w": 1280.0,
  "h": 720.0,
  "aabb_scale": 4,
  "frames": [
    {
      "file_path": "/home/doan/VA_0223/20250411_Final/Reconstruction_3D/data/processed_images/xe_F1_khan/frame_0001.png",
      "sharpness": 156.94151041666666,
      "transform_matrix": [
        [
          0.20886856111246258,
          -0.04680386161973364,
          0.9768230764779238,
          3.725965749704279
        ],
        [
          0.9767947253768067,
          -0.038420601421090134,
          -0.21070339784296055,
          -0.8058395761233955
        ],
        [
          0.04739186275573096,
          0.9981649442589468,
          0.037692909421523195,
          0.09381760827655825
        ],
        [
          0.0,
          0.0,
          0.0,
          1.0
        ]
      ]
    },
    {
      "file_path": "/home/doan/VA_0223/20250411_Final/Reconstruction_3D/data/processed_images/xe_F1_khan/frame_0048.png",
      "sharpness": 129.9922439236111,
      "transform_matrix": [
        [
          0.6911149288660979,
          0.05451207616644549,
          0.7206861929258375,
          2.9204155954576403
        ],
        [
          0.7199719489636396,
          0.035337718063833144,
          -0.6931029060591346,
          -2.927238537560287
        ],
        [
          -0.06324988390439075,
          0.9978876085299453,
          -0.014824741213633953,
          -0.03761201000438659
        ],
        [
          0.0,
          0.0,
          0.0,
          1.0
        ]
      ]
    },
    {
      "file_path": "/home/doan/VA_0223/20250411_Final/Reconstruction_3D/data/processed_images/xe_F1_khan/frame_0051.png",
      "sharpness": 94.75360894097223,
      "transform_matrix": [
        [
          0.7153525919297835,
          -0.03442406177295984,
          0.6979152192164153,
          2.8695297881754502
        ],
        [
          0.6956880100190184,
          -0.05852183640123715,
          -0.7159562747682874,
          -2.888289368361725
        ],
        [
          0.06548940331027832,
          0.9976924268825417,
          -0.017915340322513604,
          -0.027685306759074033
        ],
        [
          0.0,
          0.0,
          0.0,
          1.0
        ]
      ]
    },
    {
      "file_path": "/home/doan/VA_0223/20250411_Final/Reconstruction_3D/data/processed_images/xe_F1_khan/frame_0049.png",
      "sharpness": 97.64790798611111,
      "transform_matrix": [
        [
          0.7048152265896062,
          0.02707729470982023,
          0.7088739778706399,
          2.8776647593862905
        ],
        [
          0.7091005859024837,
          0.0016954749635719503,
          -0.7051053002477572,
          -2.879161072119817
        ],
        [
          -0.020294222098072277,
          0.9996319050027507,
          -0.018005528972760743,
          -0.028271938623797545
        ],
        [
          0.0,
          0.0,
          0.0,
          1.0
        ]
      ]
    },
    {
      "file_path": "/home/doan/VA_0223/20250411_Final/Reconstruction_3D/data/processed_images/xe_F1_khan/frame_0050.png",
      "sharpness": 98.39983072916667,
      "transform_matrix": [
        [
          0.7151925553771142,
          -0.0004377146598697705,
          0.698927333248983,
          2.867999582592456
        ],
        [
          0.6986115616499171,
          -0.02961517841887187,
          -0.7148879822296358,
          -2.877194283935609
        ],
        [
          0.021011774625981392,
          0.999561278580087,
          -0.020874762609253448,
          -0.025814974039151846
        ],
        [
          0.0,
          0.0,
          0.0,
          1.0
        ]
      ]
    },
    {
      "file_path": "/home/doan/VA_0223/20250411_Final/Reconstruction_3D/data/processed_images/xe_F1_khan/frame_0093.png",
      "sharpness": 101.07943142361111,
      "transform_matrix": [
        [
          0.2302867263463831,
          7.626665363542917e-05,
          0.9731228174673375,
          3.7472499637074437
        ],
        [
          0.9692137970359516,
          0.08952442324395407,
          -0.2293686841704179,
          -0.8684222049536369
        ],
        [
          -0.0871357521612854,
          0.9959846243038243,
          0.02054236766394088,
          0.042204864268950724
        ],
        [
          0.0,
          0.0,
          0.0,
          1.0
        ]
      ]
    }
  ]
}