{
  "frames": [
    {
      "file_path": "/home/doan/VA_0223/20250411_Final/Reconstruction_3D/data/processed_images/xe_F1_khan_60/frame_0000.png",
      "sharpness": 206.5707834201389,
      "transform_matrix": [
        [
          0.13799060511381137,
          -0.6851516923243585,
          0.7152102848018133,
          2.6188250675761204
        ],
        [
          0.9903155091296801,
          0.1065941772729186,
          -0.08895433518870009,
          -0.21703469549571097
        ],
        [
          -0.015290038591452984,
          0.7205586998684769,
          0.693225342038758,
          2.446936537909919
        ],
        [
          0.0,
          0.0,
          0.0,
          1.0
        ]
      ],
      "w": 1280.0,
      "h": 720.0,
      "fl_x": 1158.7548524342253,
      "fl_y": 1158.7548524342253,
      "k1": 0.009896923497120689,
      "k2": 0,
      "k3": 0,
      "k4": 0,
      "p1": 0,
      "p2": 0,
      "cx": 640.0,
      "cy": 360.0,
      "is_fisheye": false,
      "camera_angle_x": 1.0092407090789637,
      "camera_angle_y": 0.602448782746716,
      "fovx": 57.82523314301516,
      "fovy": 34.51777262418067
    },
    {
      "file_path": "/home/doan/VA_0223/20250411_Final/Reconstruction_3D/data/processed_images/xe_F1_khan_60/frame_0003.png",
      "sharpness": 117.18413845486111,
      "transform_matrix": [
        [
          -0.0026744777369416273,
          -0.6767992473956189,
          0.7361627713858242,
          2.75584342501026
        ],
        [
          0.9998132217086384,
          0.012281059645470304,
          0.014923044954340364,
          0.14250388313966508
        ],
        [
          -0.01914076449811257,
          0.7360651835127185,
          0.6766399905679877,
          2.522342115933601
        ],
        [
          0.0,
          0.0,
          0.0,
          1.0
        ]
      ],
      "w": 1280.0,
      "h": 720.0,
      "fl_x": 1159.556970428878,
      "fl_y": 1159.556970428878,
      "k1": 0.020438171725488678,
      "k2": 0,
      "k3": 0,
      "k4": 0,
      "p1": 0,
      "p2": 0,
      "cx": 640.0,
      "cy": 360.0,
      "is_fisheye": false,
      "camera_angle_x": 1.0086551020447094,
      "camera_angle_y": 0.6020567732571565,
      "fovx": 57.79168033149922,
      "fovy": 34.495312134899834
    },
    {
      "file_path": "/home/doan/VA_0223/20250411_Final/Reconstruction_3D/data/processed_images/xe_F1_khan_60/frame_0004.png",
      "sharpness": 125.5653103298611,
      "transform_matrix": [
        [
          -0.08949101590717755,
          -0.6647263735257858,
          0.7417076287136716,
          2.848086229129303
        ],
        [
          0.9957118628293397,
          -0.04218718045051094,
          0.08232938738199334,
          0.47244175740694366
        ],
        [
          -0.023435961534967804,
          0.7458948251770522,
          0.6656513092919274,
          2.5194955554490353
        ],
        [
          0.0,
          0.0,
          0.0,
          1.0
        ]
      ],
      "w": 1280.0,
      "h": 720.0,
      "fl_x": 1163.3067052844576,
      "fl_y": 1163.3067052844576,
      "k1": 0.022838384315961892,
      "k2": 0,
      "k3": 0,
      "k4": 0,
      "p1": 0,
      "p2": 0,
      "cx": 640.0,
      "cy": 360.0,
      "is_fisheye": false,
      "camera_angle_x": 1.0059257293068808,
      "camera_angle_y": 0.6002307529006403,
      "fovx": 57.63529879290358,
      "fovy": 34.39068887516648
    },
    {
      "file_path": "/home/doan/VA_0223/20250411_Final/Reconstruction_3D/data/processed_images/xe_F1_khan_60/frame_0001.png",
      "sharpness": 155.79241319444444,
      "transform_matrix": [
        [
          0.11046764498007813,
          -0.6848489152652341,
          0.720263051081677,
          2.6307123872673666
        ],
        [
          0.9937687429138609,
          0.0869405967871979,
          -0.06974968270768289,
          -0.1906455143204606
        ],
        [
          -0.014852104962358123,
          0.7234799900275656,
          0.6901855685892972,
          2.4440252197876218
        ],
        [
          0.0,
          0.0,
          0.0,
          1.0
        ]
      ],
      "w": 1280.0,
      "h": 720.0,
      "fl_x": 1160.5654540777973,
      "fl_y": 1160.5654540777973,
      "k1": 0.007030421235538442,
      "k2": 0,
      "k3": 0,
      "k4": 0,
      "p1": 0,
      "p2": 0,
      "cx": 640.0,
      "cy": 360.0,
      "is_fisheye": false,
      "camera_angle_x": 1.0079197130506972,
      "camera_angle_y": 0.60156461053845,
      "fovx": 57.74954564584194,
      "fovy": 34.467113288284274
    },
    {
      "file_path": "/home/doan/VA_0223/20250411_Final/Reconstruction_3D/data/processed_images/xe_F1_khan_60/frame_0009.png",
      "sharpness": 116.11959201388889,
      "transform_matrix": [
        [
          -0.6117942877459736,
          -0.4868018142021114,
          0.6234835549169111,
          2.4738736058592914
        ],
        [
          0.7909668459727115,
          -0.3853498130784179,
          0.4752651577094007,
          1.9756944379365613
        ],
        [
          0.008899330344710268,
          0.7839193295997835,
          0.6207989100185927,
          2.5369598843952996
        ],
        [
          0.0,
          0.0,
          0.0,
          1.0
        ]
      ],
      "w": 1280.0,
      "h": 720.0,
      "fl_x": 1157.6008645600011,
      "fl_y": 1157.6008645600011,
      "k1": 0.04434347024300051,
      "k2": 0,
      "k3": 0,
      "k4": 0,
      "p1": 0,
      "p2": 0,
      "cx": 640.0,
      "cy": 360.0,
      "is_fisheye": false,
      "camera_angle_x": 1.0100842984330294,
      "camera_angle_y": 0.6030136264032823,
      "fovx": 57.8735672526453,
      "fovy": 34.55013578178666
    },
    {
      "file_path": "/home/doan/VA_0223/20250411_Final/Reconstruction_3D/data/processed_images/xe_F1_khan_60/frame_0011.png",
      "sharpness": 80.11810763888889,
      "transform_matrix": [
        [
          -0.78342653393489,
          -0.35651221359772256,
          0.5090598270963003,
          1.8683210443150393
        ],
        [
          0.6206668059298744,
          -0.4908200888817684,
          0.6114477544050944,
          2.642150235197138
        ],
        [
          0.03186819715922698,
          0.7949809318269296,
          0.6057967779069464,
          2.558655626460668
        ],
        [
          0.0,
          0.0,
          0.0,
          1.0
        ]
      ],
      "w": 1280.0,
      "h": 720.0,
      "fl_x": 1131.0178388742804,
      "fl_y": 1131.0178388742804,
      "k1": 0.06489475442175517,
      "k2": 0,
      "k3": 0,
      "k4": 0,
      "p1": 0,
      "p2": 0,
      "cx": 640.0,
      "cy": 360.0,
      "is_fisheye": false,
      "camera_angle_x": 1.0298794060625769,
      "camera_angle_y": 0.6163154070728866,
      "fovx": 59.00774337482558,
      "fovy": 35.31227167416369
    },
    {
      "file_path": "/home/doan/VA_0223/20250411_Final/Reconstruction_3D/data/processed_images/xe_F1_khan_60/frame_0005.png",
      "sharpness": 97.89021701388889,
      "transform_matrix": [
        [
          -0.18485511814837297,
          -0.6467153376250393,
          0.7399917955327486,
          2.798694306122488
        ],
        [
          0.982541537427393,
          -0.1055329530664749,
          0.153215283333668,
          0.7819448623275385
        ],
        [
          -0.020993154262915086,
          0.7553953057691857,
          0.6549329886156313,
          2.497641007896996
        ],
        [
          0.0,
          0.0,
          0.0,
          1.0
        ]
      ],
      "w": 1280.0,
      "h": 720.0,
      "fl_x": 1162.1977534222954,
      "fl_y": 1162.1977534222954,
      "k1": 0.01971334957138954,
      "k2": 0,
      "k3": 0,
      "k4": 0,
      "p1": 0,
      "p2": 0,
      "cx": 640.0,
      "cy": 360.0,
      "is_fisheye": false,
      "camera_angle_x": 1.0067315106414274,
      "camera_angle_y": 0.600769663130058,
      "fovx": 57.68146666258352,
      "fovy": 34.42156615684854
    },
    {
      "file_path": "/home/doan/VA_0223/20250411_Final/Reconstruction_3D/data/processed_images/xe_F1_khan_60/frame_0007.png",
      "sharpness": 124.82744574652777,
      "transform_matrix": [
        [
          -0.4029114640862431,
          -0.5863228536965794,
          0.702771558489584,
          2.6016082616262413
        ],
        [
          0.9151075933126778,
          -0.24506791480109022,
          0.3201871480816436,
          1.4066533354105968
        ],
        [
          -0.015506281959643813,
          0.7721186621531765,
          0.6352891679035682,
          2.4643867441453375
        ],
        [
          0.0,
          0.0,
          0.0,
          1.0
        ]
      ],
      "w": 1280.0,
      "h": 720.0,
      "fl_x": 1149.0674916003684,
      "fl_y": 1149.0674916003684,
      "k1": 0.02435058322032821,
      "k2": 0,
      "k3": 0,
      "k4": 0,
      "p1": 0,
      "p2": 0,
      "cx": 640.0,
      "cy": 360.0,
      "is_fisheye": false,
      "camera_angle_x": 1.01636256207661,
      "camera_angle_y": 0.6072225464011126,
      "fovx": 58.23328526209289,
      "fovy": 34.791289133970544
    },
    {
      "file_path": "/home/doan/VA_0223/20250411_Final/Reconstruction_3D/data/processed_images/xe_F1_khan_60/frame_0010.png",
      "sharpness": 109.62595811452853,
      "transform_matrix": [
        [
          -0.7086382377733457,
          -0.422898946862991,
          0.5647905176156547,
          2.2440599253266904
        ],
        [
          0.7053691425229958,
          -0.44380819266951377,
          0.5527102865841427,
          2.378615033196137
        ],
        [
          0.01691806074310678,
          0.7900574465998612,
          0.6127993230853239,
          2.50642184431062
        ],
        [
          0.0,
          0.0,
          0.0,
          1.0
        ]
      ],
      "w": 1280.0,
      "h": 720.0,
      "fl_x": 1169.0322777570782,
      "fl_y": 1169.0322777570782,
      "k1": 0.034945504052479016,
      "k2": 0,
      "k3": 0,
      "k4": 0,
      "p1": 0,
      "p2": 0,
      "cx": 640.0,
      "cy": 360.0,
      "is_fisheye": false,
      "camera_angle_x": 1.0017841391181892,
      "camera_angle_y": 0.5974631864006456,
      "fovx": 57.398003154618756,
      "fovy": 34.23211899519499
    },
    {
      "file_path": "/home/doan/VA_0223/20250411_Final/Reconstruction_3D/data/processed_images/xe_F1_khan_60/frame_0006.png",
      "sharpness": 128.9098589409722,
      "transform_matrix": [
        [
          -0.29087221795327317,
          -0.6204769538103909,
          0.7282868272144023,
          2.669428218773344
        ],
        [
          0.9565973552444546,
          -0.17448611736285283,
          0.23340114564218326,
          1.0630293929607322
        ],
        [
          -0.01774409105676531,
          0.764567161678449,
          0.6442997769645437,
          2.412346298272123
        ],
        [
          0.0,
          0.0,
          0.0,
          1.0
        ]
      ],
      "w": 1280.0,
      "h": 720.0,
      "fl_x": 1159.667284323175,
      "fl_y": 1159.667284323175,
      "k1": 0.013860574792888474,
      "k2": 0,
      "k3": 0,
      "k4": 0,
      "p1": 0,
      "p2": 0,
      "cx": 640.0,
      "cy": 360.0,
      "is_fisheye": false,
      "camera_angle_x": 1.0085746130964952,
      "camera_angle_y": 0.6020028995620924,
      "fovx": 57.7870686544691,
      "fovy": 34.49222539954589
    },
    {
      "file_path": "/home/doan/VA_0223/20250411_Final/Reconstruction_3D/data/processed_images/xe_F1_khan_60/frame_0008.png",
      "sharpness": 141.10631510416667,
      "transform_matrix": [
        [
          -0.5066906734503035,
          -0.5432450838775121,
          0.6694395718526741,
          2.5756387809916705
        ],
        [
          0.8621247700814234,
          -0.3171742122107206,
          0.3951473142015439,
          1.743116032893602
        ],
        [
          -0.002332867022337537,
          0.777357895711752,
          0.6290542582218834,
          2.5225395971407525
        ],
        [
          0.0,
          0.0,
          0.0,
          1.0
        ]
      ],
      "w": 1280.0,
      "h": 720.0,
      "fl_x": 1159.2274616417867,
      "fl_y": 1159.2274616417867,
      "k1": 0.02577900185527311,
      "k2": 0,
      "k3": 0,
      "k4": 0,
      "p1": 0,
      "p2": 0,
      "cx": 640.0,
      "cy": 360.0,
      "is_fisheye": false,
      "camera_angle_x": 1.008895593310639,
      "camera_angle_y": 0.6022177502488331,
      "fovx": 57.80545946604674,
      "fovy": 34.50453543712162
    },
    {
      "file_path": "/home/doan/VA_0223/20250411_Final/Reconstruction_3D/data/processed_images/xe_F1_khan_60/frame_0002.png",
      "sharpness": 161.53502821180555,
      "transform_matrix": [
        [
          0.06499309704428757,
          -0.6828046407389693,
          0.7277044180179325,
          2.6890752854403224
        ],
        [
          0.9977585786855118,
          0.05610633265436833,
          -0.036467767900935116,
          -0.09639629056642957
        ],
        [
          -0.015928464991217486,
          0.7284434790029138,
          0.6849207121865901,
          2.480185633343222
        ],
        [
          0.0,
          0.0,
          0.0,
          1.0
        ]
      ],
      "w": 1280.0,
      "h": 720.0,
      "fl_x": 1159.536529137505,
      "fl_y": 1159.536529137505,
      "k1": 0.013196631903465187,
      "k2": 0,
      "k3": 0,
      "k4": 0,
      "p1": 0,
      "p2": 0,
      "cx": 640.0,
      "cy": 360.0,
      "is_fisheye": false,
      "camera_angle_x": 1.0086700180284465,
      "camera_angle_y": 0.6020667571415093,
      "fovx": 57.79253495441464,
      "fovy": 34.49588416933639
    },
    {
      "file_path": "/home/doan/VA_0223/20250411_Final/Reconstruction_3D/data/processed_images/xe_F1_khan_60/frame_0012.png",
      "sharpness": 126.82590494791667,
      "transform_matrix": [
        [
          -0.8431890691928214,
          -0.29164025807478466,
          0.45163940654543755,
          1.5844040040222023
        ],
        [
          0.5357407640572993,
          -0.5259327962260654,
          0.6605880165286566,
          2.99131306120361
        ],
        [
          0.04487791634879489,
          0.7989622355177686,
          0.5997043595986872,
          2.5771590937346933
        ],
        [
          0.0,
          0.0,
          0.0,
          1.0
        ]
      ],
      "w": 1280.0,
      "h": 720.0,
      "fl_x": 1129.0734607863037,
      "fl_y": 1129.0734607863037,
      "k1": 0.06428946972049734,
      "k2": 0,
      "k3": 0,
      "k4": 0,
      "p1": 0,
      "p2": 0,
      "cx": 640.0,
      "cy": 360.0,
      "is_fisheye": false,
      "camera_angle_x": 1.031355037639067,
      "camera_angle_y": 0.617310679284428,
      "fovx": 59.09229083627471,
      "fovy": 35.36929657135166
    },
    {
      "file_path": "/home/doan/VA_0223/20250411_Final/Reconstruction_3D/data/processed_images/xe_F1_khan_60/frame_0013.png",
      "sharpness": 124.75753255208333,
      "transform_matrix": [
        [
          -0.8899653084547192,
          -0.2311762297548915,
          0.39308943082243875,
          1.4221681662857808
        ],
        [
          0.4528611304346226,
          -0.5494336569204477,
          0.7021676816719999,
          3.1335485728184156
        ],
        [
          0.05365208616888403,
          0.8029198014103087,
          0.593667622693025,
          2.519889040826796
        ],
        [
          0.0,
          0.0,
          0.0,
          1.0
        ]
      ],
      "w": 1280.0,
      "h": 720.0,
      "fl_x": 1129.1537975747374,
      "fl_y": 1129.1537975747374,
      "k1": 0.07056409819067133,
      "k2": 0,
      "k3": 0,
      "k4": 0,
      "p1": 0,
      "p2": 0,
      "cx": 640.0,
      "cy": 360.0,
      "is_fisheye": false,
      "camera_angle_x": 1.0312939920845832,
      "camera_angle_y": 0.6172694955271605,
      "fovx": 59.088793183644746,
      "fovy": 35.36693691587574
    },
    {
      "file_path": "/home/doan/VA_0223/20250411_Final/Reconstruction_3D/data/processed_images/xe_F1_khan_60/frame_0016.png",
      "sharpness": 114.16235026041667,
      "transform_matrix": [
        [
          -0.9724623667587389,
          -0.08270172623122236,
          0.2178930237462102,
          0.7277540382878352
        ],
        [
          0.22370250625435945,
          -0.5934848319765305,
          0.7731319052460837,
          3.2702009025888836
        ],
        [
          0.06537686141859278,
          0.8005848978996677,
          0.5956422477687958,
          2.513007705628067
        ],
        [
          0.0,
          0.0,
          0.0,
          1.0
        ]
      ],
      "w": 1280.0,
      "h": 720.0,
      "fl_x": 1139.7991109536067,
      "fl_y": 1139.7991109536067,
      "k1": 0.05855572892913324,
      "k2": 0,
      "k3": 0,
      "k4": 0,
      "p1": 0,
      "p2": 0,
      "cx": 640.0,
      "cy": 360.0,
      "is_fisheye": false,
      "camera_angle_x": 1.0232627179710245,
      "camera_angle_y": 0.6118589625787881,
      "fovx": 58.628635072825155,
      "fovy": 35.056936213017536
    },
    {
      "file_path": "/home/doan/VA_0223/20250411_Final/Reconstruction_3D/data/processed_images/xe_F1_khan_60/frame_0014.png",
      "sharpness": 118.00666232638889,
      "transform_matrix": [
        [
          -0.9247205118212667,
          -0.17790077074212265,
          0.3365164050492518,
          1.2585088402311355
        ],
        [
          0.3759020957260149,
          -0.5659447720995514,
          0.7337602669551608,
          3.1833284962672095
        ],
        [
          0.05991318313209027,
          0.8050203915170838,
          0.5902140118717046,
          2.482797724913803
        ],
        [
          0.0,
          0.0,
          0.0,
          1.0
        ]
      ],
      "w": 1280.0,
      "h": 720.0,
      "fl_x": 1131.6710059805084,
      "fl_y": 1131.6710059805084,
      "k1": 0.07335962332699075,
      "k2": 0,
      "k3": 0,
      "k4": 0,
      "p1": 0,
      "p2": 0,
      "cx": 640.0,
      "cy": 360.0,
      "is_fisheye": false,
      "camera_angle_x": 1.0293845649628373,
      "camera_angle_y": 0.6159817661118221,
      "fovx": 58.97939106828089,
      "fovy": 35.293155455222
    },
    {
      "file_path": "/home/doan/VA_0223/20250411_Final/Reconstruction_3D/data/processed_images/xe_F1_khan_60/frame_0019.png",
      "sharpness": 160.7204470486111,
      "transform_matrix": [
        [
          -0.9958893943273899,
          0.09025429909468291,
          0.007646949852713591,
          0.011792778415033024
        ],
        [
          -0.04923484845358925,
          -0.6102609027688611,
          0.7906690586140435,
          3.3120493110291864
        ],
        [
          0.0760279162216084,
          0.7870424334794175,
          0.6121960175783797,
          2.5891871377281905
        ],
        [
          0.0,
          0.0,
          0.0,
          1.0
        ]
      ],
      "w": 1280.0,
      "h": 720.0,
      "fl_x": 1137.1915063105462,
      "fl_y": 1137.1915063105462,
      "k1": 0.07795405567715857,
      "k2": 0,
      "k3": 0,
      "k4": 0,
      "p1": 0,
      "p2": 0,
      "cx": 640.0,
      "cy": 360.0,
      "is_fisheye": false,
      "camera_angle_x": 1.0252194490289566,
      "camera_angle_y": 0.6131757775248804,
      "fovx": 58.74074750408683,
      "fovy": 35.13238415182837
    },
    {
      "file_path": "/home/doan/VA_0223/20250411_Final/Reconstruction_3D/data/processed_images/xe_F1_khan_60/frame_0015.png",
      "sharpness": 101.49046489572405,
      "transform_matrix": [
        [
          -0.9520436039008017,
          -0.12922398825024348,
          0.2773339813531207,
          1.0117010749605764
        ],
        [
          0.29929193104844626,
          -0.5815723413472668,
          0.7564376721113788,
          3.261892472167867
        ],
        [
          0.06353988001773128,
          0.8031654703077795,
          0.5923579247664765,
          2.4359503667859106
        ],
        [
          0.0,
          0.0,
          0.0,
          1.0
        ]
      ],
      "w": 1280.0,
      "h": 720.0,
      "fl_x": 1148.3319056259315,
      "fl_y": 1148.3319056259315,
      "k1": 0.05013210085198498,
      "k2": 0,
      "k3": 0,
      "k4": 0,
      "p1": 0,
      "p2": 0,
      "cx": 640.0,
      "cy": 360.0,
      "is_fisheye": false,
      "camera_angle_x": 1.016907090507106,
      "camera_angle_y": 0.6075880269930187,
      "fovx": 58.2644844429852,
      "fovy": 34.81222962938071
    },
    {
      "file_path": "/home/doan/VA_0223/20250411_Final/Reconstruction_3D/data/processed_images/xe_F1_khan_60/frame_0017.png",
      "sharpness": 138.2004448784722,
      "transform_matrix": [
        [
          -0.9868210406470928,
          -0.03233226962757719,
          0.15855238300895078,
          0.45284700239257564
        ],
        [
          0.14577654478157998,
          -0.6029443563727,
          0.7843515169297413,
          3.2854205255455082
        ],
        [
          0.07023839979651794,
          0.7971277987316641,
          0.5997114637592542,
          2.5287609786025094
        ],
        [
          0.0,
          0.0,
          0.0,
          1.0
        ]
      ],
      "w": 1280.0,
      "h": 720.0,
      "fl_x": 1140.279159950803,
      "fl_y": 1140.279159950803,
      "k1": 0.07833196722839142,
      "k2": 0,
      "k3": 0,
      "k4": 0,
      "p1": 0,
      "p2": 0,
      "cx": 640.0,
      "cy": 360.0,
      "is_fisheye": false,
      "camera_angle_x": 1.0229032336195236,
      "camera_angle_y": 0.6116171393824144,
      "fovx": 58.60803813668316,
      "fovy": 35.043080764476954
    },
    {
      "file_path": "/home/doan/VA_0223/20250411_Final/Reconstruction_3D/data/processed_images/xe_F1_khan_60/frame_0018.png",
      "sharpness": 96.41584201388889,
      "transform_matrix": [
        [
          -0.9957955247245042,
          0.025428637255486337,
          0.08800373530070658,
          0.2697576305710222
        ],
        [
          0.05419736757227104,
          -0.6109635833933734,
          0.789801332687845,
          3.287687645338246
        ],
        [
          0.07385064906414045,
          0.7912502033018308,
          0.6070166369125705,
          2.575009858031539
        ],
        [
          0.0,
          0.0,
          0.0,
          1.0
        ]
      ],
      "w": 1280.0,
      "h": 720.0,
      "fl_x": 1136.4364167654603,
      "fl_y": 1136.4364167654603,
      "k1": 0.06644159563450222,
      "k2": 0,
      "k3": 0,
      "k4": 0,
      "p1": 0,
      "p2": 0,
      "cx": 640.0,
      "cy": 360.0,
      "is_fisheye": false,
      "camera_angle_x": 1.0257873370126247,
      "camera_angle_y": 0.6135581159025549,
      "fovx": 58.77328508878721,
      "fovy": 35.154290527215
    },
    {
      "file_path": "/home/doan/VA_0223/20250411_Final/Reconstruction_3D/data/processed_images/xe_F1_khan_60/frame_0020.png",
      "sharpness": 121.78007378472222,
      "transform_matrix": [
        [
          -0.9846964765977826,
          0.15985030838914113,
          -0.06943146235467068,
          -0.3505547972529509
        ],
        [
          -0.1530771753183254,
          -0.602866294112935,
          0.7830195462561782,
          3.2799223401015287
        ],
        [
          0.08330802753917341,
          0.7816649604411267,
          0.6181097493545425,
          2.6491113535401807
        ],
        [
          0.0,
          0.0,
          0.0,
          1.0
        ]
      ],
      "w": 1280.0,
      "h": 720.0,
      "fl_x": 1134.1508553994076,
      "fl_y": 1134.1508553994076,
      "k1": 0.0731506124841565,
      "k2": 0,
      "k3": 0,
      "k4": 0,
      "p1": 0,
      "p2": 0,
      "cx": 640.0,
      "cy": 360.0,
      "is_fisheye": false,
      "camera_angle_x": 1.0275097594288147,
      "camera_angle_y": 0.6147182253226486,
      "fovx": 58.87197262377363,
      "fovy": 35.22075990075974
    },
    {
      "file_path": "/home/doan/VA_0223/20250411_Final/Reconstruction_3D/data/processed_images/xe_F1_khan_60/frame_0021.png",
      "sharpness": 117.62366536458333,
      "transform_matrix": [
        [
          -0.9612527340005944,
          0.22760116953991022,
          -0.15553420550266608,
          -0.7730003646489977
        ],
        [
          -0.26278397788164515,
          -0.5860726129990743,
          0.7664616580503342,
          3.305120599539181
        ],
        [
          0.08329323155007246,
          0.7776352615261651,
          0.6231738422704455,
          2.7426108578387662
        ],
        [
          0.0,
          0.0,
          0.0,
          1.0
        ]
      ],
      "w": 1280.0,
      "h": 720.0,
      "fl_x": 1146.2232624871506,
      "fl_y": 1146.2232624871506,
      "k1": 0.058676130887479194,
      "k2": 0,
      "k3": 0,
      "k4": 0,
      "p1": 0,
      "p2": 0,
      "cx": 640.0,
      "cy": 360.0,
      "is_fisheye": false,
      "camera_angle_x": 1.0184709986616638,
      "camera_angle_y": 0.608638086432299,
      "fovx": 58.354089779787444,
      "fovy": 34.87239360348935
    },
    {
      "file_path": "/home/doan/VA_0223/20250411_Final/Reconstruction_3D/data/processed_images/xe_F1_khan_60/frame_0022.png",
      "sharpness": 109.62551648987181,
      "transform_matrix": [
        [
          -0.9264722831313922,
          0.2952563383919268,
          -0.23339409441885284,
          -1.0676238776939828
        ],
        [
          -0.36621197462207494,
          -0.5641588180661823,
          0.7400092010520551,
          3.2424762760395764
        ],
        [
          0.08682107062799772,
          0.771069726219194,
          0.6308039149246746,
          2.65564474938743
        ],
        [
          0.0,
          0.0,
          0.0,
          1.0
        ]
      ],
      "w": 1280.0,
      "h": 720.0,
      "fl_x": 1153.0565010147966,
      "fl_y": 1153.0565010147966,
      "k1": 0.035210027299553324,
      "k2": 0,
      "k3": 0,
      "k4": 0,
      "p1": 0,
      "p2": 0,
      "cx": 640.0,
      "cy": 360.0,
      "is_fisheye": false,
      "camera_angle_x": 1.0134188829887827,
      "camera_angle_y": 0.6052479796267021,
      "fovx": 58.06462487411947,
      "fovy": 34.67815479143006
    },
    {
      "file_path": "/home/doan/VA_0223/20250411_Final/Reconstruction_3D/data/processed_images/xe_F1_khan_60/frame_0023.png",
      "sharpness": 143.05478949228913,
      "transform_matrix": [
        [
          -0.882636507519318,
          0.35898394078648094,
          -0.30345234540600796,
          -1.1494836097857362
        ],
        [
          -0.46094383482269685,
          -0.5345089450838365,
          0.7084002885123931,
          2.9848068355153834
        ],
        [
          0.09210633419827785,
          0.7651344443556436,
          0.6372485428325174,
          2.554483107012199
        ],
        [
          0.0,
          0.0,
          0.0,
          1.0
        ]
      ],
      "w": 1280.0,
      "h": 720.0,
      "fl_x": 1143.3859538202842,
      "fl_y": 1143.3859538202842,
      "k1": 0.040324328719892,
      "k2": 0,
      "k3": 0,
      "k4": 0,
      "p1": 0,
      "p2": 0,
      "cx": 640.0,
      "cy": 360.0,
      "is_fisheye": false,
      "camera_angle_x": 1.020582267877687,
      "camera_angle_y": 0.6100565675733713,
      "fovx": 58.47505659528148,
      "fovy": 34.953666586191694
    },
    {
      "file_path": "/home/doan/VA_0223/20250411_Final/Reconstruction_3D/data/processed_images/xe_F1_khan_60/frame_0029.png",
      "sharpness": 105.31108072916666,
      "transform_matrix": [
        [
          -0.42157965260208535,
          0.6352995357711295,
          -0.6470433497392509,
          -2.6028957798557095
        ],
        [
          -0.9032100907198133,
          -0.23083841295975024,
          0.36183581791229863,
          1.428446143137405
        ],
        [
          0.08051166717508103,
          0.7369587010320994,
          0.6711257292808857,
          2.8336720614081283
        ],
        [
          0.0,
          0.0,
          0.0,
          1.0
        ]
      ],
      "w": 1280.0,
      "h": 720.0,
      "fl_x": 1135.2104869409848,
      "fl_y": 1135.2104869409848,
      "k1": 0.07892215568740318,
      "k2": 0,
      "k3": 0,
      "k4": 0,
      "p1": 0,
      "p2": 0,
      "cx": 640.0,
      "cy": 360.0,
      "is_fisheye": false,
      "camera_angle_x": 1.0267105558785683,
      "camera_angle_y": 0.6141798478466669,
      "fovx": 58.826181633372634,
      "fovy": 35.189913143601075
    },
    {
      "file_path": "/home/doan/VA_0223/20250411_Final/Reconstruction_3D/data/processed_images/xe_F1_khan_60/frame_0028.png",
      "sharpness": 128.87399305555556,
      "transform_matrix": [
        [
          -0.5102419493468988,
          0.6086830099054669,
          -0.6075838597757485,
          -2.4060091740766025
        ],
        [
          -0.8559196312750089,
          -0.2904000031565262,
          0.4278661273866785,
          1.6900108835587528
        ],
        [
          0.08399248745758778,
          0.7383582001251933,
          0.669158001102582,
          2.8797071539207773
        ],
        [
          0.0,
          0.0,
          0.0,
          1.0
        ]
      ],
      "w": 1280.0,
      "h": 720.0,
      "fl_x": 1138.252981617002,
      "fl_y": 1138.252981617002,
      "k1": 0.08056614992888811,
      "k2": 0,
      "k3": 0,
      "k4": 0,
      "p1": 0,
      "p2": 0,
      "cx": 640.0,
      "cy": 360.0,
      "is_fisheye": false,
      "camera_angle_x": 1.0244221021669058,
      "camera_angle_y": 0.6126390809206496,
      "fovx": 58.69506289408333,
      "fovy": 35.101633701526936
    },
    {
      "file_path": "/home/doan/VA_0223/20250411_Final/Reconstruction_3D/data/processed_images/xe_F1_khan_60/frame_0027.png",
      "sharpness": 91.51266710069444,
      "transform_matrix": [
        [
          -0.5991124799295003,
          0.5754959494034074,
          -0.556658466830329,
          -2.095938963116826
        ],
        [
          -0.7956687519165747,
          -0.35039143904320597,
          0.4941022937296313,
          2.0516078073945785
        ],
        [
          0.08930550738407192,
          0.7389385980818963,
          0.6678280277860955,
          2.767730018754254
        ],
        [
          0.0,
          0.0,
          0.0,
          1.0
        ]
      ],
      "w": 1280.0,
      "h": 720.0,
      "fl_x": 1124.3945125886762,
      "fl_y": 1124.3945125886762,
      "k1": 0.07047098740486743,
      "k2": 0,
      "k3": 0,
      "k4": 0,
      "p1": 0,
      "p2": 0,
      "cx": 640.0,
      "cy": 360.0,
      "is_fisheye": false,
      "camera_angle_x": 1.0349218065797425,
      "camera_angle_y": 0.6197185009399634,
      "fovx": 59.29665164307376,
      "fovy": 35.507254590034044
    },
    {
      "file_path": "/home/doan/VA_0223/20250411_Final/Reconstruction_3D/data/processed_images/xe_F1_khan_60/frame_0035.png",
      "sharpness": 67.63312934027778,
      "transform_matrix": [
        [
          0.2007783035396184,
          0.6679177069266876,
          -0.7166407814815227,
          -2.7405085196571397
        ],
        [
          -0.9788619980109863,
          0.16586986310676063,
          -0.11965106503084866,
          -0.9074675527078352
        ],
        [
          0.038952043334321694,
          0.7255157650707602,
          0.6871023308320977,
          2.814183421935242
        ],
        [
          0.0,
          0.0,
          0.0,
          1.0
        ]
      ],
      "w": 1280.0,
      "h": 720.0,
      "fl_x": 1089.6858300605347,
      "fl_y": 1089.6858300605347,
      "k1": 0.0621742600963876,
      "k2": 0,
      "k3": 0,
      "k4": 0,
      "p1": 0,
      "p2": 0,
      "cx": 640.0,
      "cy": 360.0,
      "is_fisheye": false,
      "camera_angle_x": 1.0620953940079425,
      "camera_angle_y": 0.6381631900150737,
      "fovx": 60.853583516939366,
      "fovy": 36.56405742846892
    },
    {
      "file_path": "/home/doan/VA_0223/20250411_Final/Reconstruction_3D/data/processed_images/xe_F1_khan_60/frame_0030.png",
      "sharpness": 127.1162282986111,
      "transform_matrix": [
        [
          -0.33287148217891993,
          0.6564421006360507,
          -0.6769640647371439,
          -2.543630666982958
        ],
        [
          -0.9398373725417698,
          -0.1724657822483201,
          0.2948919583972895,
          1.1673687557951746
        ],
        [
          0.07682635965210184,
          0.7343972511821045,
          0.6743577596497317,
          2.681713859560225
        ],
        [
          0.0,
          0.0,
          0.0,
          1.0
        ]
      ],
      "w": 1280.0,
      "h": 720.0,
      "fl_x": 1126.8126497307078,
      "fl_y": 1126.8126497307078,
      "k1": 0.061462831066350636,
      "k2": 0,
      "k3": 0,
      "k4": 0,
      "p1": 0,
      "p2": 0,
      "cx": 640.0,
      "cy": 360.0,
      "is_fisheye": false,
      "camera_angle_x": 1.0330756608282046,
      "camera_angle_y": 0.6184718440544035,
      "fovx": 59.19087528314463,
      "fovy": 35.43582641199053
    },
    {
      "file_path": "/home/doan/VA_0223/20250411_Final/Reconstruction_3D/data/processed_images/xe_F1_khan_60/frame_0033.png",
      "sharpness": 95.40395182291667,
      "transform_matrix": [
        [
          -0.026716886803815516,
          0.681950230191672,
          -0.7309104538737536,
          -2.7172923392429422
        ],
        [
          -0.9982111329544285,
          0.020921345713634097,
          0.056007422182235145,
          0.21923084633841936
        ],
        [
          0.05348590474081942,
          0.7310992962081716,
          0.6801713586729473,
          2.7782496168806374
        ],
        [
          0.0,
          0.0,
          0.0,
          1.0
        ]
      ],
      "w": 1280.0,
      "h": 720.0,
      "fl_x": 1116.9124520968237,
      "fl_y": 1116.9124520968237,
      "k1": 0.08733027986351365,
      "k2": 0,
      "k3": 0,
      "k4": 0,
      "p1": 0,
      "p2": 0,
      "cx": 640.0,
      "cy": 360.0,
      "is_fisheye": false,
      "camera_angle_x": 1.0406722101967782,
      "camera_angle_y": 0.6236068230476142,
      "fovx": 59.62612550082667,
      "fovy": 35.730039036189844
    },
    {
      "file_path": "/home/doan/VA_0223/20250411_Final/Reconstruction_3D/data/processed_images/xe_F1_khan_60/frame_0025.png",
      "sharpness": 118.74982855902778,
      "transform_matrix": [
        [
          -0.7621863124555127,
          0.4776070098056699,
          -0.436993786421332,
          -1.501469924023867
        ],
        [
          -0.6401619106081573,
          -0.4557046146324025,
          0.6184868894401714,
          2.602022628807032
        ],
        [
          0.09625358883164267,
          0.7511490188038579,
          0.6530776357126782,
          2.624559275988207
        ],
        [
          0.0,
          0.0,
          0.0,
          1.0
        ]
      ],
      "w": 1280.0,
      "h": 720.0,
      "fl_x": 1155.0295397194623,
      "fl_y": 1155.0295397194623,
      "k1": 0.025330994968770858,
      "k2": 0,
      "k3": 0,
      "k4": 0,
      "p1": 0,
      "p2": 0,
      "cx": 640.0,
      "cy": 360.0,
      "is_fisheye": false,
      "camera_angle_x": 1.0119686312762222,
      "camera_angle_y": 0.6042759159645291,
      "fovx": 57.98153157175813,
      "fovy": 34.622459646169524
    },
    {
      "file_path": "/home/doan/VA_0223/20250411_Final/Reconstruction_3D/data/processed_images/xe_F1_khan_60/frame_0024.png",
      "sharpness": 117.13220052083334,
      "transform_matrix": [
        [
          -0.8260928277947321,
          0.42022710807929675,
          -0.3754727920666323,
          -1.2491596120369202
        ],
        [
          -0.5559366902178295,
          -0.49867455268892397,
          0.6650248769559514,
          2.7785842691512594
        ],
        [
          0.09222275421330031,
          0.7581113824467571,
          0.6455711389854809,
          2.5492835774482367
        ],
        [
          0.0,
          0.0,
          0.0,
          1.0
        ]
      ],
      "w": 1280.0,
      "h": 720.0,
      "fl_x": 1151.7907056633167,
      "fl_y": 1151.7907056633167,
      "k1": 0.012742235099734931,
      "k2": 0,
      "k3": 0,
      "k4": 0,
      "p1": 0,
      "p2": 0,
      "cx": 640.0,
      "cy": 360.0,
      "is_fisheye": false,
      "camera_angle_x": 1.014351286052282,
      "camera_angle_y": 0.6058732010558373,
      "fovx": 58.118047634463046,
      "fovy": 34.71397734058065
    },
    {
      "file_path": "/home/doan/VA_0223/20250411_Final/Reconstruction_3D/data/processed_images/xe_F1_khan_60/frame_0034.png",
      "sharpness": 89.03743272569444,
      "transform_matrix": [
        [
          0.08908448072134356,
          0.6780935692544533,
          -0.7295567604451783,
          -2.7422364731989806
        ],
        [
          -0.9950695563956865,
          0.09265015693717253,
          -0.03539104906810447,
          -0.3102836530637595
        ],
        [
          0.043595105567570486,
          0.7291125152100735,
          0.6830039582722958,
          2.7821662093258883
        ],
        [
          0.0,
          0.0,
          0.0,
          1.0
        ]
      ],
      "w": 1280.0,
      "h": 720.0,
      "fl_x": 1110.481917845872,
      "fl_y": 1110.481917845872,
      "k1": 0.07523780878208712,
      "k2": 0,
      "k3": 0,
      "k4": 0,
      "p1": 0,
      "p2": 0,
      "cx": 640.0,
      "cy": 360.0,
      "is_fisheye": false,
      "camera_angle_x": 1.0456610043568648,
      "camera_angle_y": 0.6269865900373598,
      "fovx": 59.91196235105914,
      "fovy": 35.9236854204399
    },
    {
      "file_path": "/home/doan/VA_0223/20250411_Final/Reconstruction_3D/data/processed_images/xe_F1_khan_60/frame_0032.png",
      "sharpness": 101.17302734375,
      "transform_matrix": [
        [
          -0.1384377652992021,
          0.6783756765683514,
          -0.7215548673942216,
          -2.682533694409076
        ],
        [
          -0.9882838042530004,
          -0.04734856645584509,
          0.14509733114680204,
          0.5376816245754666
        ],
        [
          0.06426591159462017,
          0.7331879396004727,
          0.6769825240819419,
          2.766530152970181
        ],
        [
          0.0,
          0.0,
          0.0,
          1.0
        ]
      ],
      "w": 1280.0,
      "h": 720.0,
      "fl_x": 1125.5954883623447,
      "fl_y": 1125.5954883623447,
      "k1": 0.0802110261577751,
      "k2": 0,
      "k3": 0,
      "k4": 0,
      "p1": 0,
      "p2": 0,
      "cx": 640.0,
      "cy": 360.0,
      "is_fisheye": false,
      "camera_angle_x": 1.03400416295826,
      "camera_angle_y": 0.6190987373000463,
      "fovx": 59.2440745364657,
      "fovy": 35.47174474917113
    },
    {
      "file_path": "/home/doan/VA_0223/20250411_Final/Reconstruction_3D/data/processed_images/xe_F1_khan_60/frame_0031.png",
      "sharpness": 102.44732421875,
      "transform_matrix": [
        [
          -0.2368907574944768,
          0.6695682374634874,
          -0.7039610390317286,
          -2.557980770895487
        ],
        [
          -0.9691075094613609,
          -0.11165011726789695,
          0.21992018192925117,
          0.8388344873031532
        ],
        [
          0.0686542360370951,
          0.734310987779414,
          0.6753324878766127,
          2.6505806276624173
        ],
        [
          0.0,
          0.0,
          0.0,
          1.0
        ]
      ],
      "w": 1280.0,
      "h": 720.0,
      "fl_x": 1125.6496333410225,
      "fl_y": 1125.6496333410225,
      "k1": 0.06349484189986636,
      "k2": 0,
      "k3": 0,
      "k4": 0,
      "p1": 0,
