{
  "camera_angle_x": 1.0390078184896878,
  "camera_angle_y": 0.6247800136575891,
  "fl_x": 1119.0703150787695,
  "fl_y": 1114.6726488577488,
  "k1": 0.1563640817799552,
  "k2": -0.5173042133095284,
  "k3": 0,
  "k4": 0,
  "p1": -0.0032582858455165505,
  "p2": -0.003642839035885577,
  "is_fisheye": false,
  "cx": 630.2302697216089,
  "cy": 365.51648116649335,
  "w": 1280.0,
  "h": 720.0,
  "aabb_scale": 4,
  "frames": [
    {
      "file_path": "/home/doan/VA_0223/20250411_Final/Reconstruction_3D/data/processed_images/xe_F1_khan_60/frame_0001.png",
      "sharpness": 155.79241319444444,
      "transform_matrix": [
        [
          0.011306322274939211,
          -0.6933014141416902,
          0.7205590304115748,
          2.601383983712094
        ],
        [
          0.9996606740250875,
          0.024748610071627906,
          0.008126691039614662,
          0.062031264768543155
        ],
        [
          -0.023467080867303786,
          0.7202226430281755,
          0.6933459747247549,
          2.436391552346689
        ],
        [
          0.0,
          0.0,
          0.0,
          1.0
        ]
      ]
    },
    {
      "file_path": "/home/doan/VA_0223/20250411_Final/Reconstruction_3D/data/processed_images/xe_F1_khan_60/frame_0002.png",
      "sharpness": 161.53502821180555,
      "transform_matrix": [
        [
          -0.03370661475557648,
          -0.6886943926660678,
          0.724267835620191,
          2.6483676998089334
        ],
        [
          0.9991490410074566,
          -0.005984068345440452,
          0.0408091261844675,
          0.15622100360417904
        ],
        [
          -0.023770948144089317,
          0.7250270508872715,
          0.6883100446659053,
          2.4725642985120775
        ],
        [
          0.0,
          0.0,
          0.0,
          1.0
        ]
      ]
    },
    {
      "file_path": "/home/doan/VA_0223/20250411_Final/Reconstruction_3D/data/processed_images/xe_F1_khan_60/frame_0004.png",
      "sharpness": 125.5653103298611,
      "transform_matrix": [
        [
          -0.18590410439912383,
          -0.6623048789444519,
          0.7258043203066895,
          2.7405388080661215
        ],
        [
          0.9821208100931248,
          -0.10297156017839586,
          0.1575930587826581,
          0.7220495158417746
        ],
        [
          -0.029637448473334323,
          0.7421247234812043,
          0.6696062399110991,
          2.502865149916745
        ],
        [
          0.0,
          0.0,
          0.0,
          1.0
        ]
      ]
    },
    {
      "file_path": "/home/doan/VA_0223/20250411_Final/Reconstruction_3D/data/processed_images/xe_F1_khan_60/frame_0000.png",
      "sharpness": 206.5707834201389,
      "transform_matrix": [
        [
          0.039285212303076404,
          -0.6967393427481268,
          0.7162478345120015,
          2.5913800246228886
        ],
        [
          0.9989476987792811,
          0.044363264378702603,
          -0.011635973412952114,
          0.03519519732262506
        ],
        [
          -0.023667851575154213,
          0.7159512477272879,
          0.6977489833468049,
          2.446312416265288
        ],
        [
          0.0,
          0.0,
          0.0,
          1.0
        ]
      ]
    },
    {
      "file_path": "/home/doan/VA_0223/20250411_Final/Reconstruction_3D/data/processed_images/xe_F1_khan_60/frame_0008.png",
      "sharpness": 141.10631510416667,
      "transform_matrix": [
        [
          -0.5878963890226905,
          -0.5153415539787478,
          0.6235390273260943,
          2.366650898605062
        ],
        [
          0.8089102068063192,
          -0.368330048862777,
          0.45825457164039873,
          1.9385801309237873
        ],
        [
          -0.006489462664159848,
          0.7737932914666922,
          0.6334049486998162,
          2.512600977601729
        ],
        [
          0.0,
          0.0,
          0.0,
          1.0
        ]
      ]
    },
    {
      "file_path": "/home/doan/VA_0223/20250411_Final/Reconstruction_3D/data/processed_images/xe_F1_khan_60/frame_0005.png",
      "sharpness": 97.89021701388889,
      "transform_matrix": [
        [
          -0.2798311827066364,
          -0.6382739488621196,
          0.7171477361540525,
          2.666073318995518
        ],
        [
          0.9596672516256932,
          -0.16489788946960043,
          0.22770035618259957,
          1.0223220097780736
        ],
        [
          -0.027079057368273828,
          0.7519408569378466,
          0.658674177724895,
          2.4830013143080594
        ],
        [
          0.0,
          0.0,
          0.0,
          1.0
        ]
      ]
    },
    {
      "file_path": "/home/doan/VA_0223/20250411_Final/Reconstruction_3D/data/processed_images/xe_F1_khan_60/frame_0007.png",
      "sharpness": 124.82744574652777,
      "transform_matrix": [
        [
          -0.490219118432541,
          -0.5650820215257725,
          0.6636019326022868,
          2.4403720216806253
        ],
        [
          0.8713568259732243,
          -0.2997792662959389,
          0.3884194553945,
          1.6260427149807681
        ],
        [
          -0.020554750586183168,
          0.7686447167075654,
          0.6393456043391791,
          2.4747002812539347
        ],
        [
          0.0,
          0.0,
          0.0,
          1.0
        ]
      ]
    },
    {
      "file_path": "/home/doan/VA_0223/20250411_Final/Reconstruction_3D/data/processed_images/xe_F1_khan_60/frame_0010.png",
      "sharpness": 109.62595811452853,
      "transform_matrix": [
        [
          -0.7727439197437148,
          -0.3869032403180658,
          0.50316271444973,
          1.9711607325111251
        ],
        [
          0.634584411753136,
          -0.4871987399020685,
          0.5999500080821613,
          2.504271976205215
        ],
        [
          0.013017638289774992,
          0.7829069360608761,
          0.6220026291287453,
          2.4977099394537903
        ],
        [
          0.0,
          0.0,
          0.0,
          1.0
        ]
      ]
    },
    {
      "file_path": "/home/doan/VA_0223/20250411_Final/Reconstruction_3D/data/processed_images/xe_F1_khan_60/frame_0009.png",
      "sharpness": 116.11959201388889,
      "transform_matrix": [
        [
          -0.684662459888841,
          -0.4541422357014515,
          0.5700808239653126,
          2.250998752176684
        ],
        [
          0.7288371975925945,
          -0.4328152201970942,
          0.5305349418946289,
          2.149414926553802
        ],
        [
          0.005801332724920955,
          0.778733468514715,
          0.6273280877145544,
          2.5370975609206328
        ],
        [
          0.0,
          0.0,
          0.0,
          1.0
        ]
      ]
    },
    {
      "file_path": "/home/doan/VA_0223/20250411_Final/Reconstruction_3D/data/processed_images/xe_F1_khan_60/frame_0011.png",
      "sharpness": 80.11810763888889,
      "transform_matrix": [
        [
          -0.8410356791640197,
          -0.31296229634951106,
          0.44126362587310414,
          1.6168049855491655
        ],
        [
          0.5403522289541871,
          -0.5252567463095931,
          0.6573620152705241,
          2.8047923042966763
        ],
        [
          0.026047170558874396,
          0.7913026927666119,
          0.6108695387790506,
          2.594958819122216
        ],
        [
          0.0,
          0.0,
          0.0,
          1.0
        ]
      ]
    },
    {
      "file_path": "/home/doan/VA_0223/20250411_Final/Reconstruction_3D/data/processed_images/xe_F1_khan_60/frame_0003.png",
      "sharpness": 117.18413845486111,
      "transform_matrix": [
        [
          -0.10134967851834778,
          -0.6789413806991779,
          0.7271635609135282,
          2.688403682942537
        ],
        [
          0.9944914980499974,
          -0.04949721231948808,
          0.0923941896381715,
          0.3974029374028171
        ],
        [
          -0.026737669515989926,
          0.7325221004370572,
          0.6802179573357935,
          2.512757564330646
        ],
        [
          0.0,
          0.0,
          0.0,
          1.0
        ]
      ]
    },
    {
      "file_path": "/home/doan/VA_0223/20250411_Final/Reconstruction_3D/data/processed_images/xe_F1_khan_60/frame_0006.png",
      "sharpness": 128.9098589409722,
      "transform_matrix": [
        [
          -0.3821290525760899,
          -0.6053345204178977,
          0.6982460208620275,
          2.5233679861993106
        ],
        [
          0.9238356487343778,
          -0.23186268482444225,
          0.3045773949484027,
          1.2841999353790061
        ],
        [
          -0.02247401423617077,
          0.7614524370269957,
          0.6478310774512949,
          2.404752111708012
        ],
        [
          0.0,
          0.0,
          0.0,
          1.0
        ]
      ]
    },
    {
      "file_path": "/home/doan/VA_0223/20250411_Final/Reconstruction_3D/data/processed_images/xe_F1_khan_60/frame_0014.png",
      "sharpness": 118.00666232638889,
      "transform_matrix": [
        [
          -0.9574567091292131,
          -0.12661651337592172,
          0.2593162331322579,
          0.9640603081853047
        ],
        [
          0.2831647711521833,
          -0.5854342106444,
          0.7596607778380579,
          3.2848981443137544
        ],
        [
          0.055626995212766976,
          0.8007715302143069,
          0.596381248769426,
          2.521266862006345
        ],
        [
          0.0,
          0.0,
          0.0,
          1.0
        ]
      ]
    },
    {
      "file_path": "/home/doan/VA_0223/20250411_Final/Reconstruction_3D/data/processed_images/xe_F1_khan_60/frame_0012.png",
      "sharpness": 126.82590494791667,
      "transform_matrix": [
        [
          -0.8925080284992453,
          -0.2453144082796484,
          0.3784841611437886,
          1.3011060877807912
        ],
        [
          0.44941459578937293,
          -0.5546830604079935,
          0.7002522571101929,
          3.1336413751185432
        ],
        [
          0.038156784719713614,
          0.7950770677386805,
          0.6053069603249736,
          2.619686811636879
        ],
        [
          0.0,
          0.0,
          0.0,
          1.0
        ]
      ]
    },
    {
      "file_path": "/home/doan/VA_0223/20250411_Final/Reconstruction_3D/data/processed_images/xe_F1_khan_60/frame_0013.png",
      "sharpness": 124.75753255208333,
      "transform_matrix": [
        [
          -0.93069066618519,
          -0.1822387141569912,
          0.31718123371362134,
          1.1290191963554348
        ],
        [
          0.3626647977448883,
          -0.5730774194523437,
          0.7348853759536412,
          3.258568273295407
        ],
        [
          0.04784483694874423,
          0.7989814280892729,
          0.599449371696825,
          2.561773168449252
        ],
        [
          0.0,
          0.0,
          0.0,
          1.0
        ]
      ]
    },
    {
      "file_path": "/home/doan/VA_0223/20250411_Final/Reconstruction_3D/data/processed_images/xe_F1_khan_60/frame_0016.png",
      "sharpness": 114.16235026041667,
      "transform_matrix": [
        [
          -0.9899586910009589,
          -0.02872860212554187,
          0.13840685537032332,
          0.42597026335245536
        ],
        [
          0.1274537582687879,
          -0.6048569674549943,
          0.7860684374940469,
          3.304070340780693
        ],
        [
          0.06113370343006297,
          0.7958157553058878,
          0.6024449800552646,
          2.541083759215096
        ],
        [
          0.0,
          0.0,
          0.0,
          1.0
        ]
      ]
    },
    {
      "file_path": "/home/doan/VA_0223/20250411_Final/Reconstruction_3D/data/processed_images/xe_F1_khan_60/frame_0019.png",
      "sharpness": 160.7204470486111,
      "transform_matrix": [
        [
          -0.9866074032099322,
          0.1466210243098059,
          -0.07147102380418315,
          -0.28529268617806147
        ],
        [
          -0.14664119609846896,
          -0.6054155279042803,
          0.7822840904551327,
          3.284630439784582
        ],
        [
          0.07142962703752757,
          0.78228787147341,
          0.6188081242265852,
          2.618670352692935
        ],
        [
          0.0,
          0.0,
          0.0,
          1.0
        ]
      ]
    },
    {
      "file_path": "/home/doan/VA_0223/20250411_Final/Reconstruction_3D/data/processed_images/xe_F1_khan_60/frame_0015.png",
      "sharpness": 101.49046489572405,
      "transform_matrix": [
        [
          -0.9769253249375794,
          -0.07629059647146061,
          0.19949098843695484,
          0.7054600178619768
        ],
        [
          0.20498336484184068,
          -0.597252247459657,
          0.7754170316948984,
          3.3039508156712234
        ],
        [
          0.05998941332978656,
          0.7984168697161047,
          0.5991091490897369,
          2.4485800794330204
        ],
        [
          0.0,
          0.0,
          0.0,
          1.0
        ]
      ]
    },
    {
      "file_path": "/home/doan/VA_0223/20250411_Final/Reconstruction_3D/data/processed_images/xe_F1_khan_60/frame_0018.png",
      "sharpness": 96.41584201388889,
      "transform_matrix": [
        [
          -0.9965738615335068,
          0.08223890139248435,
          0.008792137844314086,
          -0.026087635507519757
        ],
        [
          -0.0436146724692456,
          -0.6128733754104364,
          0.7889765434145949,
          3.287210572439899
        ],
        [
          0.07027303135257473,
          0.7858899343176569,
          0.6143604091123166,
          2.612241809978625
        ],
        [
          0.0,
          0.0,
          0.0,
          1.0
        ]
      ]
    },
    {
      "file_path": "/home/doan/VA_0223/20250411_Final/Reconstruction_3D/data/processed_images/xe_F1_khan_60/frame_0017.png",
      "sharpness": 138.2004448784722,
      "transform_matrix": [
        [
          -0.996603737713443,
          0.023007703726341384,
          0.07906728543940358,
          0.15325356068492285
        ],
        [
          0.048597292913686994,
          -0.6108107568507903,
          0.7902838239751895,
          3.2903127682328988
        ],
        [
          0.06647776454312086,
          0.7914422688585357,
          0.6076181711958146,
          2.560062442739029
        ],
        [
          0.0,
          0.0,
          0.0,
          1.0
        ]
      ]
    },
    {
      "file_path": "/home/doan/VA_0223/20250411_Final/Reconstruction_3D/data/processed_images/xe_F1_khan_60/frame_0020.png",
      "sharpness": 121.78007378472222,
      "transform_matrix": [
        [
          -0.9653656735816345,
          0.21499300449124897,
          -0.14780772771415993,
          -0.6465791012851767
        ],
        [
          -0.24912784776757363,
          -0.5913451120670179,
          0.7669721467570809,
          3.227099304474703
        ],
        [
          0.07748826888290676,
          0.777231604161346,
          0.6244250169237734,
          2.6834572610674945
        ],
        [
          0.0,
          0.0,
          0.0,
          1.0
        ]
      ]
    },
    {
      "file_path": "/home/doan/VA_0223/20250411_Final/Reconstruction_3D/data/processed_images/xe_F1_khan_60/frame_0021.png",
      "sharpness": 117.62366536458333,
      "transform_matrix": [
        [
          -0.9311100461237833,
          0.2825761017986919,
          -0.23061836176146827,
          -1.0600171435036925
        ],
        [
          -0.35634312876607793,
          -0.5698834729292194,
          0.7404406808538804,
          3.185416076922917
        ],
        [
          0.07780524828698593,
          0.7716110250827704,
          0.6313182789937741,
          2.7639516120516454
        ],
        [
          0.0,
          0.0,
          0.0,
          1.0
        ]
      ]
    },
    {
      "file_path": "/home/doan/VA_0223/20250411_Final/Reconstruction_3D/data/processed_images/xe_F1_khan_60/frame_0022.png",
      "sharpness": 109.62551648987181,
      "transform_matrix": [
        [
          -0.8861677683980934,
          0.34821011382225453,
          -0.3057063999430777,
          -1.3432067791604783
        ],
        [
          -0.4563439946318586,
          -0.5414380061125924,
          0.7061126284809541,
          3.087905553840352
        ],
        [
          0.08035449509364559,
          0.7652415319532272,
          0.6387085039155709,
          2.6657290213114204
        ],
        [
          0.0,
          0.0,
          0.0,
          1.0
        ]
      ]
    },
    {
      "file_path": "/home/doan/VA_0223/20250411_Final/Reconstruction_3D/data/processed_images/xe_F1_khan_60/frame_0023.png",
      "sharpness": 143.05478949228913,
      "transform_matrix": [
        [
          -0.8335610408488392,
          0.40988402030543464,
          -0.3703661447259645,
          -1.4016660936616132
        ],
        [
          -0.5454796452929004,
          -0.5047032650960549,
          0.6691237335295579,
          2.850081870524441
        ],
        [
          0.08733812345664528,
          0.7597826690311784,
          0.6442843689807123,
          2.57863326357457
        ],
        [
          0.0,
          0.0,
          0.0,
          1.0
        ]
      ]
    },
    {
      "file_path": "/home/doan/VA_0223/20250411_Final/Reconstruction_3D/data/processed_images/xe_F1_khan_60/frame_0033.png",
      "sharpness": 95.40395182291667,
      "transform_matrix": [
        [
          0.07326346906465488,
          0.6832999501295393,
          -0.7264527805270637,
          -2.7436391344445674
        ],
        [
          -0.9962807784815522,
          0.08326994538686418,
          -0.022152350292544688,
          -0.037586437938559945
        ],
        [
          0.04535498351047633,
          0.7253738997439586,
          0.6868592513193296,
          2.846252435361726
        ],
        [
          0.0,
          0.0,
          0.0,
          1.0
        ]
      ]
    },
    {
      "file_path": "/home/doan/VA_0223/20250411_Final/Reconstruction_3D/data/processed_images/xe_F1_khan_60/frame_0035.png",
      "sharpness": 67.63312934027778,
      "transform_matrix": [
        [
          0.29982717974691836,
          0.6504990816148978,
          -0.6978213289840789,
          -2.734500208329603
        ],
        [
          -0.9535331623530182,
          0.2270661512471107,
          -0.19802896568659145,
          -1.1983913058917968
        ],
        [
          0.02963394311828277,
          0.7247702448735837,
          0.6883530501443951,
          2.9217486477744083
        ],
        [
          0.0,
          0.0,
          0.0,
          1.0
        ]
      ]
    },
    {
      "file_path": "/home/doan/VA_0223/20250411_Final/Reconstruction_3D/data/processed_images/xe_F1_khan_60/frame_0029.png",
      "sharpness": 105.31108072916666,
      "transform_matrix": [
        [
          -0.33118863953792976,
          0.6609926321706515,
          -0.6733519327506554,
          -2.701232692515423
        ],
        [
          -0.9405661141223133,
          -0.17442301100801244,
          0.29139663380994374,
          1.1805664529915245
        ],
        [
          0.0751629564092684,
          0.7298392655414856,
          0.6794741912240868,
          2.8733659333908803
        ],
        [
          0.0,
          0.0,
          0.0,
          1.0
        ]
      ]
    },
    {
      "file_path": "/home/doan/VA_0223/20250411_Final/Reconstruction_3D/data/processed_images/xe_F1_khan_60/frame_0026.png",
      "sharpness": 106.2005642361111,
      "transform_matrix": [
        [
          -0.6153346839581404,
          0.5695424365182395,
          -0.5449629710401653,
          -1.9924635453862325
        ],
        [
          -0.7825793630124716,
          -0.35849545163888186,
          0.5089700892402735,
          2.2169228843271633
        ],
        [
          0.09451331831130029,
          0.7396637237488064,
          0.6663068426136567,
          2.8061019731029115
        ],
        [
          0.0,
          0.0,
          0.0,
          1.0
        ]
      ]
    },
    {
      "file_path": "/home/doan/VA_0223/20250411_Final/Reconstruction_3D/data/processed_images/xe_F1_khan_60/frame_0024.png",
      "sharpness": 117.13220052083334,
      "transform_matrix": [
        [
          -0.7683517515857087,
          0.4675399451288104,
          -0.43708349960395865,
          -1.470223419677295
        ],
        [
          -0.634001686998567,
          -0.4625036923742844,
          0.6197839909380911,
          2.62834336509448
        ],
        [
          0.08762104067220537,
          0.7533237911502102,
          0.651786636101522,
          2.5580730543115906
        ],
        [
          0.0,
          0.0,
          0.0,
          1.0
        ]
      ]
    },
    {
      "file_path": "/home/doan/VA_0223/20250411_Final/Reconstruction_3D/data/processed_images/xe_F1_khan_60/frame_0034.png",
      "sharpness": 89.03743272569444,
      "transform_matrix": [
        [
          0.18867962999683854,
          0.6721067954456956,
          -0.7160114893085812,
          -2.735068280013587
        ],
        [
          -0.9814247408494526,
          0.15482908214991686,
          -0.11328474464471931,
          -0.5762669493107749
        ],
        [
          0.03471995500239637,
          0.7240859140437587,
          0.6888353314762463,
          2.861392480566669
        ],
        [
          0.0,
          0.0,
          0.0,
          1.0
        ]
      ]
    },
    {
      "file_path": "/home/doan/VA_0223/20250411_Final/Reconstruction_3D/data/processed_images/xe_F1_khan_60/frame_0030.png",
      "sharpness": 127.1162282986111,
      "transform_matrix": [
        [
          -0.239545673277881,
          0.6764339752616508,
          -0.6964588628249954,
          -2.6415780776805136
        ],
        [
          -0.9682681712328497,
          -0.11381272947408534,
          0.22249362055365166,
          0.9365666890090137
        ],
        [
          0.07123636007693372,
          0.727656333582028,
          0.6822328350958299,
          2.7400949519637803
        ],
        [
          0.0,
          0.0,
          0.0,
          1.0
        ]
      ]
    },
    {
      "file_path": "/home/doan/VA_0223/20250411_Final/Reconstruction_3D/data/processed_images/xe_F1_khan_60/frame_0028.png",
      "sharpness": 128.87399305555556,
      "transform_matrix": [
        [
          -0.4256539574361162,
          0.6385241216436338,
          -0.6411752137131649,
          -2.5213034495553153
        ],
        [
          -0.9013640380531258,
          -0.23673396415995399,
          0.3626291509485999,
          1.4607800056002653
        ],
        [
          0.07975951002840803,
          0.7322868129150425,
          0.6763094293832532,
          2.906781575612908
        ],
        [
          0.0,
          0.0,
          0.0,
          1.0
        ]
      ]
    },
    {
      "file_path": "/home/doan/VA_0223/20250411_Final/Reconstruction_3D/data/processed_images/xe_F1_khan_60/frame_0032.png",
      "sharpness": 101.17302734375,
      "transform_matrix": [
        [
          -0.04030721236893091,
          0.6872063293030213,
          -0.7253432219844856,
          -2.718730254320062
        ],
        [
          -0.9975424947052016,
          0.013959938273420347,
          0.06865924104407775,
          0.28950618139095907
        ],
        [
          0.05730881161657923,
          0.7263281497857654,
          0.6849548299134955,
          2.823474742654963
        ],
        [
          0.0,
          0.0,
          0.0,
          1.0
        ]
      ]
    },
    {
      "file_path": "/home/doan/VA_0223/20250411_Final/Reconstruction_3D/data/processed_images/xe_F1_khan_60/frame_0031.png",
      "sharpness": 102.44732421875,
      "transform_matrix": [
        [
          -0.14085543476695478,
          0.6829089120348543,
          -0.7167950644653642,
          -2.630397849142266
        ],
        [
          -0.9880650218934043,
          -0.051371964206419776,
          0.14521857251875295,
          0.6058190525984033
        ],
        [
          0.06234788697098309,
          0.7286949562324193,
          0.6819944294740463,
          2.7051180585950845
        ],
        [
          0.0,
          0.0,
          0.0,
          1.0
        ]
      ]
    },
    {
      "file_path": "/home/doan/VA_0223/20250411_Final/Reconstruction_3D/data/processed_images/xe_F1_khan_60/frame_0025.png",
      "sharpness": 118.74982855902778,
      "transform_matrix": [
        [
          -0.6961549948449213,
          0.5224571020166469,
          -0.4923482505165972,
          -1.6938884845249425
        ],
        [
          -0.7119771492374949,
          -0.41461100958531233,
          0.566732961538606,
          2.4227292980649424
        ],
        [
          0.09196065548852321,
          0.7450746857532315,
          0.660611043333207,
          2.6296620498121244
        ],
        [
          0.0,
          0.0,
          0.0,
          1.0
        ]
      ]
    },
    {
      "file_path": "/home/doan/VA_0223/20250411_Final/Reconstruction_3D/data/processed_images/xe_F1_khan_60/frame_0027.png",
      "sharpness": 91.51266710069444,
      "transform_matrix": [
        [
          -0.5192428646154372,
          0.6097264088226043,
          -0.5988493583633242,
          -2.279689096120139
        ],
        [
          -0.8504531453044496,
          -0.29947461791941365,
          0.4324863013597213,
          1.8654743682331192
        ],
        [
          0.08435813660589105,
          0.7338587464085983,
          0.6740438006464613,
          2.821945743967028
        ],
        [
          0.0,
          0.0,
          0.0,
          1.0
        ]
      ]
    },
    {
      "file_path": "/home/doan/VA_0223/20250411_Final/Reconstruction_3D/data/processed_images/xe_F1_khan_60/frame_0036.png",
      "sharpness": 67.61731119791666,
      "transform_matrix": [
        [
          0.4059207207914496,
          0.6212660242582788,
          -0.6702662870951979,
          -2.6438006834744328
        ],
        [
          -0.91354450730466,
          0.2965224616102266,
          -0.2784077278635061,
          -1.5128384401297121
        ],
        [
          0.02578374717127363,
          0.7253295505755708,
          0.6879187753838328,
          2.8826462347882313
        ],
        [
          0.0,
          0.0,
          0.0,
          1.0
        ]
      ]
    },
    {
      "file_path": "/home/doan/VA_0223/20250411_Final/Reconstruction_3D/data/processed_images/xe_F1_khan_60/frame_0037.png",
      "sharpness": 58.03898003472222,
      "transform_matrix": [
        [
          0.5098702835513336,
          0.5836085099603167,
          -0.6320074375631224,
          -2.469074078643804
        ],
        [
          -0.8600299027020613,
          0.3624821791921691,
          -0.35910337818851534,
          -1.6210176921144306
        ],
        [
          0.019515645767223963,
          0.7266414362956102,
          0.6867396615242815,
          2.786705816837047
        ],
        [
          0.0,
          0.0,
          0.0,
          1.0
        ]
      ]
    },
    {
      "file_path": "/home/doan/VA_0223/20250411_Final/Reconstruction_3D/data/processed_images/xe_F1_khan_60/frame_0046.png",
      "sharpness": 51.885852864583335,
      "transform_matrix": [
        [
          0.9990776996778133,
          0.004336566771985637,
          0.04271936653373553,
          -0.09755304227106033
        ],
        [
          0.029637812989139194,
          0.6502434933319731,
          -0.7591475478592271,
          -3.0926934439902105
        ],
        [
          -0.03107008415890583,
          0.7597134944275895,
          0.6495152471935691,
          2.5920607147356605
        ],
        [
          0.0,
          0.0,
          0.0,
          1.0
        ]
      ]
    },
    {
      "file_path": "/home/doan/VA_0223/20250411_Final/Reconstruction_3D/data/processed_images/xe_F1_khan_60/frame_0038.png",
      "sharpness": 66.93690538194444,
      "transform_matrix": [
        [
          0.6072983806424141,
          0.5396300176299882,
          -0.5830850032573969,
          -2.2710354661443155
        ],
        [
          -0.7943562601272751,
          0.4250600562253885,
          -0.4339609205888232,
          -1.7782026495491758
        ],
        [
          0.013667805040697308,
          0.7267209868595311,
          0.6867967664784265,
          2.7817521208522895
        ],
        [
          0.0,
          0.0,
          0.0,
          1.0
        ]
      ]
    },
    {
      "file_path": "/home/doan/VA_0223/20250411_Final/Reconstruction_3D/data/processed_images/xe_F1_khan_60/frame_0039.png",
      "sharpness": 49.63302517361111,
      "transform_matrix": [
        [
          0.6955912480155537,
          0.48857013437729496,
          -0.5267371636410706,
          -2.0879511668992112
        ],
        [
          -0.7183907447697564,
          0.4813901570591529,
          -0.5021735302818584,
          -2.0173110788489046
        ],
        [
          0.0082190967635395,
          0.7277106159351501,
          0.6858350428387426,
          2.8509905537205094
        ],
        [
          0.0,
          0.0,
          0.0,
          1.0
        ]
      ]
    },
    {
      "file_path": "/home/doan/VA_0223/20250411_Final/Reconstruction_3D/data/processed_images/xe_F1_khan_60/frame_0041.png",
      "sharpness": 61.23530815972222,
      "transform_matrix": [
        [
          0.847600948663235,
          0.362030236061851,
          -0.387951981673128,
          -1.418866969317086
        ],
        [
          -0.5306138245525371,
          0.5718580441537569,
          -0.6256415479572899,
          -2.614701956729384
        ],
        [
          -0.004647695831910132,
          0.7361470543100468,
          0.6768056688858617,
          2.7455479116843673
        ],
        [
          0.0,
          0.0,
          0.0,
          1.0
        ]
      ]
    },
    {
      "file_path": "/home/doan/VA_0223/20250411_Final/Reconstruction_3D/data/processed_images/xe_F1_khan_60/frame_0044.png",
      "sharpness": 52.84517795138889,
      "transform_matrix": [
        [
          0.9774132101255344,
          0.15555373478322712,
          -0.1430610091849173,
          -0.7061224179980123
        ],
        [
          -0.2100998071476324,
          0.6420618499738134,
          -0.7373022798315174,
          -3.097269906430894
        ],
        [
          -0.02283610707559208,
          0.7507060786030965,
          0.6602415435610952,
          2.5466181635929175
        ],
        [
          0.0,
          0.0,
          0.0,
          1.0
        ]
      ]
    },
    {
      "file_path": "/home/doan/VA_0223/20250411_Final/Reconstruction_3D/data/processed_images/xe_F1_khan_60/frame_0040.png",
      "sharpness": 48.49886935763889,
      "transform_matrix": [
        [
          0.7775445743049291,
          0.4279569464272799,
          -0.46073559343242465,
          -1.7668517416128595
        ],
        [
          -0.6288233223274365,
          0.5319373482557072,
          -0.567118935345838,
          -2.334203674230622
        ],
        [
          0.0023799819857689667,
          0.7306815377404228,
          0.6827143078718817,
          2.76310596419061
        ],
        [
          0.0,
          0.0,
          0.0,
          1.0
        ]
      ]
    },
    {
      "file_path": "/home/doan/VA_0223/20250411_Final/Reconstruction_3D/data/processed_images/xe_F1_khan_60/frame_0045.png",
      "sharpness": 54.24761284722222,
      "transform_matrix": [
        [
          0.995189374876976,
          0.08100642461260216,
          -0.05510052073601694,
          -0.44509131515906575
        ],
        [
          -0.09467148223773299,
          0.650457197763509,
          -0.7536197611054131,
          -3.1117240246515765
        ],
        [
          -0.025207512051293266,
          0.7552108269195796,
          0.6549970903153483,
          2.6226914181658243
        ],
        [
          0.0,
          0.0,
          0.0,
          1.0
        ]
      ]
    },
    {
      "file_path": "/home/doan/VA_0223/20250411_Final/Reconstruction_3D/data/processed_images/xe_F1_khan_60/frame_0047.png",
      "sharpness": 45.23052083333334,
      "transform_matrix": [
        [
          0.9871483475141308,
          -0.07734572576233577,
          0.1398419779191476,
          0.4621176368410984
        ],
        [
          0.1566019358887036,
          0.6425607569032782,
          -0.7500610024283487,
          -3.1074992333314952
        ],
        [
          -0.03184295457973314,
          0.7623210035425808,
          0.6464152797415987,
          2.576598436306613
        ],
        [
          0.0,
          0.0,
          0.0,
          1.0
        ]
      ]
    },
    {
      "file_path": "/home/doan/VA_0223/20250411_Final/Reconstruction_3D/data/processed_images/xe_F1_khan_60/frame_0042.png",
      "sharpness": 42.688226996527774,
      "transform_matrix": [
        [
          0.902886680196573,
          0.2943286939210719,
          -0.3133149577346226,
          -1.1599050473422323
        ],
        [
          -0.4297834096960083,
          0.6027098972988734,
          -0.6723295326311924,
          -2.9015708999509373
        ],
        [
          -0.00904784722546839,
          0.7416949505594373,
          0.6706763279385681,
          2.736577761463892
        ],
        [
          0.0,
          0.0,
          0.0,
          1.0
        ]
      ]
    },
    {
      "file_path": "/home/doan/VA_0223/20250411_Final/Reconstruction_3D/data/processed_images/xe_F1_khan_60/frame_0043.png",
      "sharpness": 50.98399305555556,
      "transform_matrix": [
        [
          0.9456691409458617,
          0.22722260406220093,
          -0.23255056256184123,
          -0.9682747064122924
        ],
        [
          -0.3247497806466292,
          0.6255158194272058,
          -0.7094135180670723,
          -3.020050171706423
        ],
        [
          -0.015730731232999826,
          0.7463912163870782,
          0.6653214984329282,
          2.638138395319612
        ],
        [
          0.0,
          0.0,
          0.0,
          1.0
        ]
      ]
    },
    {
      "file_path": "/home/doan/VA_0223/20250411_Final/Reconstruction_3D/data/processed_images/xe_F1_khan_60/frame_0048.png",
      "sharpness": 54.809162326388886,
      "transform_matrix": [
        [
          0.9592771646397308,
          -0.15823479777938415,
          0.23398519238276194,
          1.0686977047469584
        ],
        [
          0.2808791218355555,
          0.6220535850577339,
          -0.7308599429670035,
          -3.061491616815748
        ],
        [
          -0.029903852491684677,
          0.7668188091971355,
          0.6411666503722621,
          2.552995630579672
        ],
        [
          0.0,
          0.0,
          0.0,
          1.0
        ]
      ]
    },
    {
      "file_path": "/home/doan/VA_0223/20250411_Final/Reconstruction_3D/data/processed_images/xe_F1_khan_60/frame_0049.png",
      "sharpness": 71.16319661458333,
      "transform_matrix": [
        [
          0.919239524312442,
          -0.2297286574028704,
          0.31972400753091773,
          1.369435253461906
        ],
        [
          0.3927177999567381,
          0.5923445753619665,
          -0.7034917438296011,
          -2.9094236856659634
        ],
        [
          -0.027774567669949363,
          0.772238724786547,
          0.6347250786070606,
          2.399926670208492
        ],
        [
          0.0,
          0.0,
          0.0,
          1.0
        ]
      ]
    },
    {
      "file_path": "/home/doan/VA_0223/20250411_Final/Reconstruction_3D/data/processed_images/xe_F1_khan_60/frame_0053.png",
      "sharpness": 106.43125434027777,
      "transform_matrix": [
        [
          0.6715212072760446,
          -0.4489502973560404,
          0.5894937648222982,
          2.1303869769846075
        ],
        [
          0.7409090906478454,
          0.4182336672817046,
          -0.525484841786613,
          -2.212167482218424
        ],
        [
          -0.010629563125136765,
          0.7896355045988719,
          0.6134841337366417,
          2.3970896930720924
        ],
        [
          0.0,
          0.0,
          0.0,
          1.0
        ]
      ]
    },
    {
      "file_path": "/home/doan/VA_0223/20250411_Final/Reconstruction_3D/data/processed_images/xe_F1_khan_60/frame_0050.png",
      "sharpness": 82.98523003472222,
      "transform_matrix": [
        [
          0.8689761412702174,
          -0.29489587778484533,
          0.39738757812814174,
          1.5450144085503288
        ],
        [
          0.49430568805028124,
          0.5550629698525075,
          -0.6690044740206718,
          -2.7581473339022073
        ],
        [
          -0.023288467689986686,
          0.7777798665562605,
          0.6281051874760484,
          2.2966276074945298
        ],
        [
          0.0,
          0.0,
          0.0,
          1.0
        ]
      ]
    },
    {
      "file_path": "/home/doan/VA_0223/20250411_Final/Reconstruction_3D/data/processed_images/xe_F1_khan_60/frame_0051.png",
      "sharpness": 108.54566189236111,
      "transform_matrix": [
        [
          0.8120990250182972,
          -0.3518995841048281,
          0.4654695009913119,
          1.7456270706747843
        ],
        [
          0.5832612401245207,
          0.5132675338804126,
          -0.6295734781840392,
          -2.5835499989471318
        ],
        [
          -0.01736373773396342,
          0.7827663261989708,
          0.622073451662114,
          2.358271255835935
        ],
        [
          0.0,
          0.0,
          0.0,
          1.0
        ]
      ]
    },
    {
      "file_path": "/home/doan/VA_0223/20250411_Final/Reconstruction_3D/data/processed_images/xe_F1_khan_60/frame_0052.png",
      "sharpness": 107.10355251736111,
      "transform_matrix": [
        [
          0.7479561874768244,
          -0.4021387046441104,
          0.5280587125729602,
          1.8392524229703169
        ],
        [
          0.6636486826486102,
          0.4668583986359152,
          -0.584477255025289,
          -2.4440840723767745
        ],
        [
          -0.011487718707740185,
          0.7876088482958006,
          0.6160684495143365,
          2.4100665819232834
        ],
        [
          0.0,
          0.0,
          0.0,
          1.0
        ]
      ]
    },
    {
      "file_path": "/home/doan/VA_0223/20250411_Final/Reconstruction_3D/data/processed_images/xe_F1_khan_60/frame_0054.png",
      "sharpness": 90.2632790798611,
      "transform_matrix": [
        [
          0.5939063558834506,
          -0.4876653036645794,
          0.6398888904527836,
          2.4728803661053003
        ],
        [
          0.8045060248853603,
          0.36663491980847634,
          -0.4672781735756669,
          -1.8628157714784122
        ],
        [
          -0.006730259624883438,
          0.7923139448786715,
          0.6100764840887763,
          2.3965473136893163
        ],
        [
          0.0,
          0.0,
          0.0,
          1.0
        ]
      ]
    },
    {
