{
  "frames": [
    {
      "file_path": "/home/doan/VA_0223/20250411_Final/Reconstruction_3D/data/processed_images/dochoi/frame_0001.png",
      "sharpness": 12.502039689429012,
      "transform_matrix": [
        [
          -0.17893608491448798,
          -0.6369849667412514,
          0.749821331865797,
          2.6821854849443714
        ],
        [
          0.934177426263426,
          0.129125485044117,
          0.3326246313599882,
          1.1850328929476799
        ],
        [
          -0.30869793291775993,
          0.7599847112414857,
          0.5719517680423576,
          2.1277532263574517
        ],
        [
          0.0,
          0.0,
          0.0,
          1.0
        ]
      ],
      "w": 3840.0,
      "h": 2160.0,
      "fl_x": 3325.6972466626603,
      "fl_y": 3325.6972466626603,
      "k1": 0.12152755777519002,
      "k2": 0,
      "k3": 0,
      "k4": 0,
      "p1": 0,
      "p2": 0,
      "cx": 1920.0,
      "cy": 1080.0,
      "is_fisheye": false,
      "camera_angle_x": 1.0471559651603983,
      "camera_angle_y": 0.6280005535265412,
      "fovx": 59.9976172956391,
      "fovy": 35.981781248950355
    },
    {
      "file_path": "/home/doan/VA_0223/20250411_Final/Reconstruction_3D/data/processed_images/dochoi/frame_0000.png",
      "sharpness": 25.48098789544753,
      "transform_matrix": [
        [
          -0.21743449817444324,
          -0.6527960771847338,
          0.7256579915330131,
          2.601404000973567
        ],
        [
          0.9389161104621023,
          0.0632960183597491,
          0.33827526009143094,
          1.1838766994379355
        ],
        [
          -0.26675602435130397,
          0.7548846903587273,
          0.599158015726716,
          2.2059188240503156
        ],
        [
          0.0,
          0.0,
          0.0,
          1.0
        ]
      ],
      "w": 3840.0,
      "h": 2160.0,
      "fl_x": 3327.2612574342334,
      "fl_y": 3327.2612574342334,
      "k1": 0.12849246325267816,
      "k2": 0,
      "k3": 0,
      "k4": 0,
      "p1": 0,
      "p2": 0,
      "cx": 1920.0,
      "cy": 1080.0,
      "is_fisheye": false,
      "camera_angle_x": 1.046748843630427,
      "camera_angle_y": 0.6277243680363467,
      "fovx": 59.97429095022284,
      "fovy": 35.96595698599946
    },
    {
      "file_path": "/home/doan/VA_0223/20250411_Final/Reconstruction_3D/data/processed_images/dochoi/frame_0004.png",
      "sharpness": 13.99433376736111,
      "transform_matrix": [
        [
          -0.07269834470194889,
          -0.5773038941728141,
          0.8132866435091481,
          2.898419130221651
        ],
        [
          0.9010546109988579,
          0.31156668216547967,
          0.30170646426203274,
          1.0709545514808394
        ],
        [
          -0.42756933788322704,
          0.7547492407354298,
          0.49753195373430215,
          1.8660206388879184
        ],
        [
          0.0,
          0.0,
          0.0,
          1.0
        ]
      ],
      "w": 3840.0,
      "h": 2160.0,
      "fl_x": 3312.33503810928,
      "fl_y": 3312.33503810928,
      "k1": 0.13210078545073292,
      "k2": 0,
      "k3": 0,
      "k4": 0,
      "p1": 0,
      "p2": 0,
      "cx": 1920.0,
      "cy": 1080.0,
      "is_fisheye": false,
      "camera_angle_x": 1.0506459698326231,
      "camera_angle_y": 0.6303697726543886,
      "fovx": 60.19757983383852,
      "fovy": 36.11752750571768
    },
    {
      "file_path": "/home/doan/VA_0223/20250411_Final/Reconstruction_3D/data/processed_images/dochoi/frame_0002.png",
      "sharpness": 16.934497733410495,
      "transform_matrix": [
        [
          -0.141535027318134,
          -0.6198527206459815,
          0.7718487162713334,
          2.741351160076645
        ],
        [
          0.9264085025822041,
          0.19187131676511326,
          0.3239640167698032,
          1.1436976436519892
        ],
        [
          -0.3489056067206059,
          0.7608994694245289,
          0.5470803186952323,
          2.0247312044892203
        ],
        [
          0.0,
          0.0,
          0.0,
          1.0
        ]
      ],
      "w": 3840.0,
      "h": 2160.0,
      "fl_x": 3324.510307851563,
      "fl_y": 3324.510307851563,
      "k1": 0.13393452215266444,
      "k2": 0,
      "k3": 0,
      "k4": 0,
      "p1": 0,
      "p2": 0,
      "cx": 1920.0,
      "cy": 1080.0,
      "is_fisheye": false,
      "camera_angle_x": 1.0474651242988033,
      "camera_angle_y": 0.6282103095315922,
      "fovx": 60.0153308094676,
      "fovy": 35.99379938276731
    },
    {
      "file_path": "/home/doan/VA_0223/20250411_Final/Reconstruction_3D/data/processed_images/dochoi/frame_0003.png",
      "sharpness": 13.816712721836419,
      "transform_matrix": [
        [
          -0.10629994074427646,
          -0.6001338794225247,
          0.7928049252034888,
          2.8034963439498677
        ],
        [
          0.9156281856645868,
          0.2518185474967141,
          0.3133886481170425,
          1.118301854298306
        ],
        [
          -0.3877181298744448,
          0.7592277299747893,
          0.5227311984942856,
          1.9383907478663929
        ],
        [
          0.0,
          0.0,
          0.0,
          1.0
        ]
      ],
      "w": 3840.0,
      "h": 2160.0,
      "fl_x": 3319.713728006321,
      "fl_y": 3319.713728006321,
      "k1": 0.1213641480754078,
      "k2": 0,
      "k3": 0,
      "k4": 0,
      "p1": 0,
      "p2": 0,
      "cx": 1920.0,
      "cy": 1080.0,
      "is_fisheye": false,
      "camera_angle_x": 1.0487161659515563,
      "camera_angle_y": 0.629059343583891,
      "fovx": 60.08701021616542,
      "fovy": 36.04244545062692
    },
    {
      "file_path": "/home/doan/VA_0223/20250411_Final/Reconstruction_3D/data/processed_images/dochoi/frame_0005.png",
      "sharpness": 14.492388117283951,
      "transform_matrix": [
        [
          -0.04107804749185508,
          -0.5530986289002938,
          0.8321024581040172,
          2.961046177439346
        ],
        [
          0.8841736062577432,
          0.3677499215938743,
          0.2880920498387318,
          1.0217938159288475
        ],
        [
          -0.46534893148870005,
          0.7475572900630627,
          0.4739287605866267,
          1.7914975745325488
        ],
        [
          0.0,
          0.0,
          0.0,
          1.0
        ]
      ],
      "w": 3840.0,
      "h": 2160.0,
      "fl_x": 3314.790501692471,
      "fl_y": 3314.790501692471,
      "k1": 0.1209794873727803,
      "k2": 0,
      "k3": 0,
      "k4": 0,
      "p1": 0,
      "p2": 0,
      "cx": 1920.0,
      "cy": 1080.0,
      "is_fisheye": false,
      "camera_angle_x": 1.050003059860534,
      "camera_angle_y": 0.6299331055195483,
      "fovx": 60.16074380583094,
      "fovy": 36.09250832183926
    },
    {
      "file_path": "/home/doan/VA_0223/20250411_Final/Reconstruction_3D/data/processed_images/dochoi/frame_0009.png",
      "sharpness": 14.13505184220679,
      "transform_matrix": [
        [
          0.08124071364413915,
          -0.416950843904735,
          0.9052910804120383,
          3.229972382119829
        ],
        [
          0.7767517670597166,
          0.5956376005823567,
          0.20462781130018887,
          0.7508083452640872
        ],
        [
          -0.6245451455732285,
          0.6865623369919853,
          0.37225732852463633,
          1.4742382880013256
        ],
        [
          0.0,
          0.0,
          0.0,
          1.0
        ]
      ],
      "w": 3840.0,
      "h": 2160.0,
      "fl_x": 3299.379253493327,
      "fl_y": 3299.379253493327,
      "k1": 0.1363317734615675,
      "k2": 0,
      "k3": 0,
      "k4": 0,
      "p1": 0,
      "p2": 0,
      "cx": 1920.0,
      "cy": 1080.0,
      "is_fisheye": false,
      "camera_angle_x": 1.0540500065324037,
      "camera_angle_y": 0.6326834863993398,
      "fovx": 60.39261677004358,
      "fovy": 36.250093538304796
    },
    {
      "file_path": "/home/doan/VA_0223/20250411_Final/Reconstruction_3D/data/processed_images/dochoi/frame_0007.png",
      "sharpness": 13.427127700617284,
      "transform_matrix": [
        [
          0.02381465499627225,
          -0.489796499952075,
          0.8715114749112494,
          3.094364562066258
        ],
        [
          0.8370628105925485,
          0.48639756574864024,
          0.25048604586304934,
          0.885905768365966
        ],
        [
          -0.5465882484693952,
          0.7235446058892585,
          0.42157382508760755,
          1.61594078712189
        ],
        [
          0.0,
          0.0,
          0.0,
          1.0
        ]
      ],
      "w": 3840.0,
      "h": 2160.0,
      "fl_x": 3303.1614461269032,
      "fl_y": 3303.1614461269032,
      "k1": 0.12391033225386841,
      "k2": 0,
      "k3": 0,
      "k4": 0,
      "p1": 0,
      "p2": 0,
      "cx": 1920.0,
      "cy": 1080.0,
      "is_fisheye": false,
      "camera_angle_x": 1.0530542002071583,
      "camera_angle_y": 0.6320063473062437,
      "fovx": 60.33556127039459,
      "fovy": 36.21129632612707
    },
    {
      "file_path": "/home/doan/VA_0223/20250411_Final/Reconstruction_3D/data/processed_images/dochoi/frame_0006.png",
      "sharpness": 17.22213710455247,
      "transform_matrix": [
        [
          -0.00855919544007619,
          -0.5234992683054821,
          0.8519831314743966,
          3.044781868399919
        ],
        [
          0.8627379471920524,
          0.42691023009222173,
          0.2709813460975772,
          0.9589143520511102
        ],
        [
          -0.5055788510989425,
          0.7373575601923417,
          0.44798867599968584,
          1.7145565668750362
        ],
        [
          0.0,
          0.0,
          0.0,
          1.0
        ]
      ],
      "w": 3840.0,
      "h": 2160.0,
      "fl_x": 3312.0183910353157,
      "fl_y": 3312.0183910353157,
      "k1": 0.13490576384834416,
      "k2": 0,
      "k3": 0,
      "k4": 0,
      "p1": 0,
      "p2": 0,
      "cx": 1920.0,
      "cy": 1080.0,
      "is_fisheye": false,
      "camera_angle_x": 1.0507289289546171,
      "camera_angle_y": 0.6304261261597218,
      "fovx": 60.202333041400884,
      "fovy": 36.12075632373404
    },
    {
      "file_path": "/home/doan/VA_0223/20250411_Final/Reconstruction_3D/data/processed_images/dochoi/frame_0008.png",
      "sharpness": 15.66091194058642,
      "transform_matrix": [
        [
          0.05397604235273459,
          -0.4535882980817065,
          0.8895753159542772,
          3.1584100128457235
        ],
        [
          0.8082677932950768,
          0.5429605322828148,
          0.22780920683869366,
          0.8228556462204802
        ],
        [
          -0.5863358774734941,
          0.7067188381994659,
          0.395927673441331,
          1.5464721676381705
        ],
        [
          0.0,
          0.0,
          0.0,
          1.0
        ]
      ],
      "w": 3840.0,
      "h": 2160.0,
      "fl_x": 3296.804360694315,
      "fl_y": 3296.804360694315,
      "k1": 0.12676064242185928,
      "k2": 0,
      "k3": 0,
      "k4": 0,
      "p1": 0,
      "p2": 0,
      "cx": 1920.0,
      "cy": 1080.0,
      "is_fisheye": false,
      "camera_angle_x": 1.0547289215544349,
      "camera_angle_y": 0.6331452812393402,
      "fovx": 60.431515735454,
      "fovy": 36.27655243363773
    },
    {
      "file_path": "/home/doan/VA_0223/20250411_Final/Reconstruction_3D/data/processed_images/dochoi/frame_0011.png",
      "sharpness": 13.812190634645061,
      "transform_matrix": [
        [
          0.13007526270092737,
          -0.3378917112759168,
          0.9321532157023291,
          3.3201106234692634
        ],
        [
          0.7044323940105688,
          0.6930978274311451,
          0.15293921633829166,
          0.5773556414792398
        ],
        [
          -0.6977502621659828,
          0.6367453125793645,
          0.32817674907097016,
          1.332600213458666
        ],
        [
          0.0,
          0.0,
          0.0,
          1.0
        ]
      ],
      "w": 3840.0,
      "h": 2160.0,
      "fl_x": 3286.5747189941985,
      "fl_y": 3286.5747189941985,
      "k1": 0.14029156187863012,
      "k2": 0,
      "k3": 0,
      "k4": 0,
      "p1": 0,
      "p2": 0,
      "cx": 1920.0,
      "cy": 1080.0,
      "is_fisheye": false,
      "camera_angle_x": 1.0574339827577357,
      "camera_angle_y": 0.6349863716877239,
      "fovx": 60.58650432572772,
      "fovy": 36.382039146031964
    },
    {
      "file_path": "/home/doan/VA_0223/20250411_Final/Reconstruction_3D/data/processed_images/dochoi/frame_0010.png",
      "sharpness": 14.404324122299382,
      "transform_matrix": [
        [
          0.10770161368701958,
          -0.37788180128934384,
          0.9195682175474578,
          3.273109480694525
        ],
        [
          0.7414217915077768,
          0.6467434129927945,
          0.17893206767719344,
          0.6629842083748635
        ],
        [
          -0.662339859538628,
          0.6625166428384603,
          0.34982511131090555,
          1.3931621302663642
        ],
        [
          0.0,
          0.0,
          0.0,
          1.0
        ]
      ],
      "w": 3840.0,
      "h": 2160.0,
      "fl_x": 3298.702670370884,
      "fl_y": 3298.702670370884,
      "k1": 0.14201247066633169,
      "k2": 0,
      "k3": 0,
      "k4": 0,
      "p1": 0,
      "p2": 0,
      "cx": 1920.0,
      "cy": 1080.0,
      "is_fisheye": false,
      "camera_angle_x": 1.0542283226954356,
      "camera_angle_y": 0.6328047653132981,
      "fovx": 60.40283353360428,
      "fovy": 36.25704230821853
    },
    {
      "file_path": "/home/doan/VA_0223/20250411_Final/Reconstruction_3D/data/processed_images/dochoi/frame_0012.png",
      "sharpness": 14.935312017746913,
      "transform_matrix": [
        [
          0.15455576060641849,
          -0.2971234219314115,
          0.9422474139327821,
          3.3425441214313314
        ],
        [
          0.6637188460165129,
          0.7376749486194326,
          0.12374556007078247,
          0.47572126834536244
        ],
        [
          -0.7318400169167081,
          0.6062617770791026,
          0.31121832749297085,
          1.2464133343566115
        ],
        [
          0.0,
          0.0,
          0.0,
          1.0
        ]
      ],
      "w": 3840.0,
      "h": 2160.0,
      "fl_x": 3253.9645946073188,
      "fl_y": 3253.9645946073188,
      "k1": 0.13022356600639357,
      "k2": 0,
      "k3": 0,
      "k4": 0,
      "p1": 0,
      "p2": 0,
      "cx": 1920.0,
      "cy": 1080.0,
      "is_fisheye": false,
      "camera_angle_x": 1.0661415724476853,
      "camera_angle_y": 0.6409250667911494,
      "fovx": 61.085412464693455,
      "fovy": 36.722301311273256
    },
    {
      "file_path": "/home/doan/VA_0223/20250411_Final/Reconstruction_3D/data/processed_images/dochoi/frame_0013.png",
      "sharpness": 13.78796947337963,
      "transform_matrix": [
        [
          0.1744100207066335,
          -0.25364577012517037,
          0.9514436231509444,
          3.3866321798707446
        ],
        [
          0.6187166991136098,
          0.779909984655955,
          0.09449900574774447,
          0.38646750801557544
        ],
        [
          -0.7660096546216087,
          0.5721924843594253,
          0.2929589902091302,
          1.1899288549034495
        ],
        [
          0.0,
          0.0,
          0.0,
          1.0
        ]
      ],
      "w": 3840.0,
      "h": 2160.0,
      "fl_x": 3260.078100442511,
      "fl_y": 3260.078100442511,
      "k1": 0.13409392029196562,
      "k2": 0,
      "k3": 0,
      "k4": 0,
      "p1": 0,
      "p2": 0,
      "cx": 1920.0,
      "cy": 1080.0,
      "is_fisheye": false,
      "camera_angle_x": 1.064499281506512,
      "camera_angle_y": 0.63980356838852,
      "fovx": 60.991316125031666,
      "fovy": 36.65804418607193
    },
    {
      "file_path": "/home/doan/VA_0223/20250411_Final/Reconstruction_3D/data/processed_images/dochoi/frame_0014.png",
      "sharpness": 13.014992766203704,
      "transform_matrix": [
        [
          0.19245995236663985,
          -0.2092354167562126,
          0.9587386021068309,
          3.4320091519487588
        ],
        [
          0.57106833350978,
          0.8184061519071401,
          0.06397131387047975,
          0.28368566137302614
        ],
        [
          -0.7980226345532144,
          0.5351933397563002,
          0.27699812977080773,
          1.1345900130030846
        ],
        [
          0.0,
          0.0,
          0.0,
          1.0
        ]
      ],
      "w": 3840.0,
      "h": 2160.0,
      "fl_x": 3250.9603698299866,
      "fl_y": 3250.9603698299866,
      "k1": 0.14183242990085881,
      "k2": 0,
      "k3": 0,
      "k4": 0,
      "p1": 0,
      "p2": 0,
      "cx": 1920.0,
      "cy": 1080.0,
      "is_fisheye": false,
      "camera_angle_x": 1.0669502857563007,
      "camera_angle_y": 0.6414775721220599,
      "fovx": 61.13174832411318,
      "fovy": 36.75395753489291
    },
    {
      "file_path": "/home/doan/VA_0223/20250411_Final/Reconstruction_3D/data/processed_images/dochoi/frame_0015.png",
      "sharpness": 14.127176408179013,
      "transform_matrix": [
        [
          0.2078114156697711,
          -0.16462614488620947,
          0.9642160795159485,
          3.4583772641102732
        ],
        [
          0.5216689312406179,
          0.8525048525737089,
          0.03312102854616372,
          0.1687054995219916
        ],
        [
          -0.8274514739611643,
          0.4961186438554863,
          0.2630405853357439,
          1.0752627328406361
        ],
        [
          0.0,
          0.0,
          0.0,
          1.0
        ]
      ],
      "w": 3840.0,
      "h": 2160.0,
      "fl_x": 3263.3301368299212,
      "fl_y": 3263.3301368299212,
      "k1": 0.14231546714241752,
      "k2": 0,
      "k3": 0,
      "k4": 0,
      "p1": 0,
      "p2": 0,
      "cx": 1920.0,
      "cy": 1080.0,
      "is_fisheye": false,
      "camera_angle_x": 1.0636275382552518,
      "camera_angle_y": 0.6392085381239204,
      "fovx": 60.94136891591544,
      "fovy": 36.623951463227826
    },
    {
      "file_path": "/home/doan/VA_0223/20250411_Final/Reconstruction_3D/data/processed_images/dochoi/frame_0016.png",
      "sharpness": 14.693118007330247,
      "transform_matrix": [
        [
          0.21909916696124368,
          -0.11820836074582601,
          0.9685155334565105,
          3.495698678138299
        ],
        [
          0.470340738888114,
          0.8824839270344516,
          0.001306860145870753,
          0.05805833843401508
        ],
        [
          -0.8548538731541357,
          0.4552459796612561,
          0.24894970100587993,
          1.0263868970451033
        ],
        [
          0.0,
          0.0,
          0.0,
          1.0
        ]
      ],
      "w": 3840.0,
      "h": 2160.0,
      "fl_x": 3257.5998275444945,
      "fl_y": 3257.5998275444945,
      "k1": 0.14067544384468875,
      "k2": 0,
      "k3": 0,
      "k4": 0,
      "p1": 0,
      "p2": 0,
      "cx": 1920.0,
      "cy": 1080.0,
      "is_fisheye": false,
      "camera_angle_x": 1.065164476644088,
      "camera_angle_y": 0.6402577406384966,
      "fovx": 61.02942899896739,
      "fovy": 36.68406633916755
    },
    {
      "file_path": "/home/doan/VA_0223/20250411_Final/Reconstruction_3D/data/processed_images/dochoi/frame_0018.png",
      "sharpness": 14.015849006558643,
      "transform_matrix": [
        [
          0.2316836997935695,
          -0.024120973856786868,
          0.9724920780808648,
          3.560851384212864
        ],
        [
          0.3644392675721806,
          0.9290404549564844,
          -0.06377972500023818,
          -0.1771168214871444
        ],
        [
          -0.9019460535825,
          0.36919102331540987,
          0.22403415990771441,
          0.9452731964315129
        ],
        [
          0.0,
          0.0,
          0.0,
          1.0
        ]
      ],
      "w": 3840.0,
      "h": 2160.0,
      "fl_x": 3251.5021358057247,
      "fl_y": 3251.5021358057247,
      "k1": 0.14639109115663873,
      "k2": 0,
      "k3": 0,
      "k4": 0,
      "p1": 0,
      "p2": 0,
      "cx": 1920.0,
      "cy": 1080.0,
      "is_fisheye": false,
      "camera_angle_x": 1.0668043647865275,
      "camera_angle_y": 0.641377868277826,
      "fovx": 61.12338766840273,
      "fovy": 36.74824492541707
    },
    {
      "file_path": "/home/doan/VA_0223/20250411_Final/Reconstruction_3D/data/processed_images/dochoi/frame_0023.png",
      "sharpness": 5.941945891203703,
      "transform_matrix": [
        [
          0.21217680994100413,
          0.21076767615872471,
          0.9542316218140044,
          3.6954328828706315
        ],
        [
          0.08733815067953665,
          0.9684669734302814,
          -0.23333188557519044,
          -0.7420814135644308
        ],
        [
          -0.9733206300260946,
          0.1328484403080335,
          0.18707817389692996,
          0.9032738222651896
        ],
        [
          0.0,
          0.0,
          0.0,
          1.0
        ]
      ],
      "w": 3840.0,
      "h": 2160.0,
      "fl_x": 3251.629409464563,
      "fl_y": 3251.629409464563,
      "k1": 0.19277506316553764,
      "k2": 0,
      "k3": 0,
      "k4": 0,
      "p1": 0,
      "p2": 0,
      "cx": 1920.0,
      "cy": 1080.0,
      "is_fisheye": false,
      "camera_angle_x": 1.066770089724537,
      "camera_angle_y": 0.6413544498239276,
      "fovx": 61.121423852008114,
      "fovy": 36.74690314684598
    },
    {
      "file_path": "/home/doan/VA_0223/20250411_Final/Reconstruction_3D/data/processed_images/dochoi/frame_0021.png",
      "sharpness": 8.475642843364197,
      "transform_matrix": [
        [
          0.23029816207162584,
          0.12092419707596766,
          0.965577596658,
          3.635059945153058
        ],
        [
          0.1972254841881546,
          0.9658563275856896,
          -0.16799899661854456,
          -0.5344102519036225
        ],
        [
          -0.9529243752827778,
          0.22912636917323687,
          0.1985856037498633,
          0.9085483381038159
        ],
        [
          0.0,
          0.0,
          0.0,
          1.0
        ]
      ],
      "w": 3840.0,
      "h": 2160.0,
      "fl_x": 3266.1455749743495,
      "fl_y": 3266.1455749743495,
      "k1": 0.17691416368214824,
      "k2": 0,
      "k3": 0,
      "k4": 0,
      "p1": 0,
      "p2": 0,
      "cx": 1920.0,
      "cy": 1080.0,
      "is_fisheye": false,
      "camera_angle_x": 1.0628738715544097,
      "camera_angle_y": 0.6386942555123388,
      "fovx": 60.89818699479764,
      "fovy": 36.594485240107225
    },
    {
      "file_path": "/home/doan/VA_0223/20250411_Final/Reconstruction_3D/data/processed_images/dochoi/frame_0022.png",
      "sharpness": 11.757861930941358,
      "transform_matrix": [
        [
          0.22416769772180414,
          0.165556899619584,
          0.9603852124779577,
          3.6695434547375423
        ],
        [
          0.1428949580214745,
          0.9692299541713723,
          -0.20043534350110434,
          -0.6339863368142186
        ],
        [
          -0.964017569521104,
          0.18216533411620423,
          0.1936128011683005,
          0.9081257237384299
        ],
        [
          0.0,
          0.0,
          0.0,
          1.0
        ]
      ],
      "w": 3840.0,
      "h": 2160.0,
      "fl_x": 3259.0306241373282,
      "fl_y": 3259.0306241373282,
      "k1": 0.1901876605915681,
      "k2": 0,
      "k3": 0,
      "k4": 0,
      "p1": 0,
      "p2": 0,
      "cx": 1920.0,
      "cy": 1080.0,
      "is_fisheye": false,
      "camera_angle_x": 1.0647803437986354,
      "camera_angle_y": 0.6399954546326584,
      "fovx": 61.00741980815061,
      "fovy": 36.66903845800768
    },
    {
      "file_path": "/home/doan/VA_0223/20250411_Final/Reconstruction_3D/data/processed_images/dochoi/frame_0019.png",
      "sharpness": 8.765262586805555,
      "transform_matrix": [
        [
          0.2356455779967027,
          0.023630365929100894,
          0.9715517317346164,
          3.5732583049384976
        ],
        [
          0.3100125156205885,
          0.9456481764573336,
          -0.09819249735554653,
          -0.30498237870953565
        ],
        [
          -0.9210664480928085,
          0.3243318242048751,
          0.21551210193610065,
          0.9164220514203334
        ],
        [
          0.0,
          0.0,
          0.0,
          1.0
        ]
      ],
      "w": 3840.0,
      "h": 2160.0,
      "fl_x": 3255.2612242067053,
      "fl_y": 3255.2612242067053,
      "k1": 0.1464623388914311,
      "k2": 0,
      "k3": 0,
      "k4": 0,
      "p1": 0,
      "p2": 0,
      "cx": 1920.0,
      "cy": 1080.0,
      "is_fisheye": false,
      "camera_angle_x": 1.0657928722013095,
      "camera_angle_y": 0.6406868881532344,
      "fovx": 61.06543341226096,
      "fovy": 36.70865468055055
    },
    {
      "file_path": "/home/doan/VA_0223/20250411_Final/Reconstruction_3D/data/processed_images/dochoi/frame_0017.png",
      "sharpness": 9.70788242669753,
      "transform_matrix": [
        [
          0.22818142112525858,
          -0.07089050281334275,
          0.9710343844190092,
          3.5138462192769135
        ],
        [
          0.41659954222437623,
          0.9085418559779751,
          -0.031567663358917475,
          -0.06591733137866668
        ],
        [
          -0.8799875343103212,
          0.41173563431992954,
          0.236845322868929,
          0.9748036150159289
        ],
        [
          0.0,
          0.0,
          0.0,
          1.0
        ]
      ],
      "w": 3840.0,
      "h": 2160.0,
      "fl_x": 3246.44734137996,
      "fl_y": 3246.44734137996,
      "k1": 0.1386477466685072,
      "k2": 0,
      "k3": 0,
      "k4": 0,
      "p1": 0,
      "p2": 0,
      "cx": 1920.0,
      "cy": 1080.0,
      "is_fisheye": false,
      "camera_angle_x": 1.0681672417347103,
      "camera_angle_y": 0.6423092912867467,
      "fovx": 61.20147476552927,
      "fovy": 36.80161153276961
    },
    {
      "file_path": "/home/doan/VA_0223/20250411_Final/Reconstruction_3D/data/processed_images/dochoi/frame_0020.png",
      "sharpness": 11.095699025848765,
      "transform_matrix": [
        [
          0.23400306666104537,
          0.07319205874798237,
          0.9694769143147937,
          3.576794433826946
        ],
        [
          0.25357056719754034,
          0.9580556229929854,
          -0.1335342305105532,
          -0.4394460337185007
        ],
        [
          -0.938586454365572,
          0.27707823049141594,
          0.20562860196113553,
          0.8730227473698131
        ],
        [
          0.0,
          0.0,
          0.0,
          1.0
        ]
      ],
      "w": 3840.0,
      "h": 2160.0,
      "fl_x": 3269.3095535636085,
      "fl_y": 3269.3095535636085,
      "k1": 0.14805120796222876,
      "k2": 0,
      "k3": 0,
      "k4": 0,
      "p1": 0,
      "p2": 0,
      "cx": 1920.0,
      "cy": 1080.0,
      "is_fisheye": false,
      "camera_angle_x": 1.062028055339474,
      "camera_angle_y": 0.6381172596370025,
      "fovx": 60.8497252954381,
      "fovy": 36.561425811654004
    },
    {
      "file_path": "/home/doan/VA_0223/20250411_Final/Reconstruction_3D/data/processed_images/dochoi/frame_0024.png",
      "sharpness": 7.663270881558642,
      "transform_matrix": [
        [
          0.20146712013008955,
          0.25635718311918954,
          0.9453528411284107,
          3.6740415037053142
        ],
        [
          0.031506669928422604,
          0.9629473124358208,
          -0.2678428704260327,
          -0.8755030021937805
        ],
        [
          -0.9789884214491462,
          0.0837464516834388,
          0.18592526072113794,
          0.8714248868863832
        ],
        [
          0.0,
          0.0,
          0.0,
          1.0
        ]
      ],
      "w": 3840.0,
      "h": 2160.0,
      "fl_x": 3243.2590754991083,
      "fl_y": 3243.2590754991083,
      "k1": 0.1793316532527067,
      "k2": 0,
      "k3": 0,
      "k4": 0,
      "p1": 0,
      "p2": 0,
      "cx": 1920.0,
      "cy": 1080.0,
      "is_fisheye": false,
      "camera_angle_x": 1.069028482368705,
      "camera_angle_y": 0.64289812219475,
      "fovx": 61.25082021900234,
      "fovy": 36.83534905864505
    },
    {
      "file_path": "/home/doan/VA_0223/20250411_Final/Reconstruction_3D/data/processed_images/dochoi/frame_0025.png",
      "sharpness": 5.967551118827161,
      "transform_matrix": [
        [
          0.18809496571129666,
          0.2998146317471947,
          0.9352708006370323,
          3.637683820947941
        ],
        [
          -0.02334591437208089,
          0.9533637630696948,
          -0.30091943035159285,
          -1.0037165835487976
        ],
        [
          -0.981873338180966,
          0.034766677907466126,
          0.18632237104525431,
          0.8624194987558556
        ],
        [
          0.0,
          0.0,
          0.0,
          1.0
        ]
      ],
      "w": 3840.0,
      "h": 2160.0,
      "fl_x": 3229.758128845464,
      "fl_y": 3229.758128845464,
      "k1": 0.17158290885203759,
      "k2": 0,
      "k3": 0,
      "k4": 0,
      "p1": 0,
      "p2": 0,
      "cx": 1920.0,
      "cy": 1080.0,
      "is_fisheye": false,
      "camera_angle_x": 1.0726894048941742,
      "camera_angle_y": 0.6454031623020297,
      "fovx": 61.46057562883609,
      "fovy": 36.978877284303174
    },
    {
      "file_path": "/home/doan/VA_0223/20250411_Final/Reconstruction_3D/data/processed_images/dochoi/frame_0026.png",
      "sharpness": 8.463955680941359,
      "transform_matrix": [
        [
          0.17313435575177644,
          0.3446475204800381,
          0.9226280840865698,
          3.6239876036463112
        ],
        [
          -0.08053454601209939,
          0.9385920788843837,
          -0.3354982807251349,
          -1.1415954243451993
        ],
        [
          -0.9816000620571628,
          -0.01621715520075001,
          0.19025856648742426,
          0.8671936906858745
        ],
        [
          0.0,
          0.0,
          0.0,
          1.0
        ]
      ],
      "w": 3840.0,
      "h": 2160.0,
      "fl_x": 3234.7012723271155,
      "fl_y": 3234.7012723271155,
      "k1": 0.16387904826673794,
      "k2": 0,
      "k3": 0,
      "k4": 0,
      "p1": 0,
      "p2": 0,
      "cx": 1920.0,
      "cy": 1080.0,
      "is_fisheye": false,
      "camera_angle_x": 1.071346397440228,
      "camera_angle_y": 0.6444838009736272,
      "fovx": 61.38362696987036,
      "fovy": 36.926201760338174
    },
    {
      "file_path": "/home/doan/VA_0223/20250411_Final/Reconstruction_3D/data/processed_images/dochoi/frame_0027.png",
      "sharpness": 6.006236255787037,
      "transform_matrix": [
        [
          0.1551467027423768,
          0.3890589681161366,
          0.9080543045525694,
          3.6095141142763505
        ],
        [
          -0.13674151045635172,
          0.9187936563890347,
          -0.37029714596900243,
          -1.2913228485171453
        ],
        [
          -0.9783819601867082,
          -0.06671833594890711,
          0.1957483172461616,
          0.8785288407765329
        ],
        [
          0.0,
          0.0,
          0.0,
          1.0
        ]
      ],
      "w": 3840.0,
      "h": 2160.0,
      "fl_x": 3230.760946203458,
      "fl_y": 3230.760946203458,
      "k1": 0.1639041957956982,
      "k2": 0,
      "k3": 0,
      "k4": 0,
      "p1": 0,
      "p2": 0,
      "cx": 1920.0,
      "cy": 1080.0,
      "is_fisheye": false,
      "camera_angle_x": 1.0724167028858982,
      "camera_angle_y": 0.645216446511307,
      "fovx": 61.444950954697134,
      "fovy": 36.96817925752632
    },
    {
      "file_path": "/home/doan/VA_0223/20250411_Final/Reconstruction_3D/data/processed_images/dochoi/frame_0029.png",
      "sharpness": 5.7889199942129625,
      "transform_matrix": [
        [
          0.11298479989248184,
          0.469198404621944,
          0.8758351969139822,
          3.5111754171955267
        ],
        [
          -0.24240025358551148,
          0.8678617333755394,
          -0.4336566946554482,
          -1.5440011577687573
        ],
        [
          -0.9635748814310374,
          -0.16330605896338468,
          0.21178899654205446,
          0.9131045741371786
        ],
        [
          0.0,
          0.0,
          0.0,
          1.0
        ]
      ],
      "w": 3840.0,
      "h": 2160.0,
      "fl_x": 3227.6712509442723,
      "fl_y": 3227.6712509442723,
      "k1": 0.14533040650315462,
      "k2": 0,
      "k3": 0,
      "k4": 0,
      "p1": 0,
      "p2": 0,
      "cx": 1920.0,
      "cy": 1080.0,
      "is_fisheye": false,
      "camera_angle_x": 1.0732573031556496,
      "camera_angle_y": 0.6457920551669731,
      "fovx": 61.49311380241146,
      "fovy": 37.00115920414719
    },
    {
      "file_path": "/home/doan/VA_0223/20250411_Final/Reconstruction_3D/data/processed_images/dochoi/frame_0028.png",
      "sharpness": 7.439567418981482,
      "transform_matrix": [
        [
          0.13424904020380493,
          0.4309426120695408,
          0.8923371898374032,
          3.5842019812657395
        ],
        [
          -0.19104898881977597,
          0.8948506074344429,
          -0.4034137754967654,
          -1.4332651709552484
        ],
        [
          -0.9723566625197554,
          -0.11632220563928225,
          0.20246398544910496,
          0.9030518693452809
        ],
        [
          0.0,
          0.0,
          0.0,
          1.0
        ]
      ],
      "w": 3840.0,
      "h": 2160.0,
      "fl_x": 3227.7698285280003,
      "fl_y": 3227.7698285280003,
      "k1": 0.15921916122008103,
      "k2": 0,
      "k3": 0,
      "k4": 0,
      "p1": 0,
      "p2": 0,
      "cx": 1920.0,
      "cy": 1080.0,
      "is_fisheye": false,
      "camera_angle_x": 1.073230465211896,
      "camera_angle_y": 0.6457736749077796,
      "fovx": 61.49157610150356,
      "fovy": 37.00010609286904
    },
    {
      "file_path": "/home/doan/VA_0223/20250411_Final/Reconstruction_3D/data/processed_images/dochoi/frame_0032.png",
      "sharpness": 7.419343653549383,
      "transform_matrix": [
        [
          0.03508217166262361,
          0.5693054495976192,
          0.8213772253658865,
          3.3737041360497813
        ],
        [
          -0.38270983180793855,
          0.766884827993317,
          -0.5151901059284864,
          -1.9116958052010862
        ],
        [
          -0.9232022670762079,
          -0.2962751520355813,
          0.24478277804397106,
          1.0202390131827836
        ],
        [
          0.0,
          0.0,
          0.0,
          1.0
        ]
      ],
      "w": 3840.0,
      "h": 2160.0,
      "fl_x": 3219.614610354869,
      "fl_y": 3219.614610354869,
      "k1": 0.12973775320151737,
      "k2": 0,
      "k3": 0,
      "k4": 0,
      "p1": 0,
      "p2": 0,
      "cx": 1920.0,
      "cy": 1080.0,
      "is_fisheye": false,
      "camera_angle_x": 1.0754548398448198,
      "camera_angle_y": 0.6472976748817214,
      "fovx": 61.61902338002606,
      "fovy": 37.08742485935395
    },
    {
      "file_path": "/home/doan/VA_0223/20250411_Final/Reconstruction_3D/data/processed_images/dochoi/frame_0031.png",
      "sharpness": 5.214254436728395,
      "transform_matrix": [
        [
          0.06221908910540026,
          0.5385689615334437,
          0.840281059338813,
          3.4226254756747148
        ],
        [
          -0.3398040936582513,
          0.8030452712605368,
          -0.4895421026373427,
          -1.8004702904453913
        ],
        [
          -0.9384359130761204,
          -0.255072080081983,
          0.23297268313456698,
          0.9790859523150345
        ],
        [
          0.0,
          0.0,
          0.0,
          1.0
        ]
      ],
      "w": 3840.0,
      "h": 2160.0,
      "fl_x": 3221.9088277884052,
      "fl_y": 3221.9088277884052,
      "k1": 0.1254512609928315,
      "k2": 0,
      "k3": 0,
      "k4": 0,
      "p1": 0,
      "p2": 0,
      "cx": 1920.0,
      "cy": 1080.0,
      "is_fisheye": false,
      "camera_angle_x": 1.0748282410063328,
      "camera_angle_y": 0.6468682436532796,
      "fovx": 61.583121911132956,
      "fovy": 37.06282026237312
    },
    {
      "file_path": "/home/doan/VA_0223/20250411_Final/Reconstruction_3D/data/processed_images/dochoi/frame_0033.png",
      "sharpness": 5.085741946373457,
      "transform_matrix": [
        [
          0.005748496511854943,
          0.5979868934607833,
          0.8014852650528583,
          3.329845724706109
        ],
        [
          -0.42537989079666105,
          0.72682773762008,
          -0.5392340756548145,
          -2.0453094342777867
        ],
        [
          -0.9049966316832186,
          -0.3378359293203428,
          0.25854976615261116,
          1.0842285811381263
        ],
        [
          0.0,
          0.0,
          0.0,
          1.0
        ]
      ],
      "w": 3840.0,
      "h": 2160.0,
      "fl_x": 3222.9901737131645,
      "fl_y": 3222.9901737131645,
      "k1": 0.13111813288620033,
      "k2": 0,
      "k3": 0,
      "k4": 0,
      "p1": 0,
      "p2": 0,
      "cx": 1920.0,
      "cy": 1080.0,
      "is_fisheye": false,
      "camera_angle_x": 1.0745331310552446,
      "camera_angle_y": 0.6466660280857569,
      "fovx": 61.566213356443285,
      "fovy": 37.05123416380223
    },
    {
      "file_path": "/home/doan/VA_0223/20250411_Final/Reconstruction_3D/data/processed_images/dochoi/frame_0034.png",
      "sharpness": 5.8977669270833335,
      "transform_matrix": [
        [
          -0.026351325165115517,
          0.6263028135247379,
          0.7791343873125578,
          3.2589811866950207
        ],
        [
          -0.4682912190876474,
          0.6808609522673927,
          -0.5631444733088914,
          -2.1501437590686687
        ],
        [
          -0.8831811489441652,
          -0.3797013951988051,
          0.2753505197180952,
          1.1285917483653651
        ],
        [
          0.0,
          0.0,
          0.0,
          1.0
        ]
      ],
      "w": 3840.0,
      "h": 2160.0,
      "fl_x": 3226.134821077876,
      "fl_y": 3226.134821077876,
      "k1": 0.1254914444000998,
      "k2": 0,
      "k3": 0,
      "k4": 0,
      "p1": 0,
      "p2": 0,
      "cx": 1920.0,
      "cy": 1080.0,
      "is_fisheye": false,
      "camera_angle_x": 1.0736757558098367,
      "camera_angle_y": 0.6460786603796896,
      "fovx": 61.517089373422415,
      "fovy": 37.017580473222296
    },
    {
      "file_path": "/home/doan/VA_0223/20250411_Final/Reconstruction_3D/data/processed_images/dochoi/frame_0030.png",
      "sharpness": 6.995395447530864,
      "transform_matrix": [
        [
          0.08750613666307284,
          0.5052793372554778,
          0.8585076979554954,
          3.4666286908390256
        ],
        [
          -0.2926016001571954,
          0.8368353379420006,
          -0.46269960100733987,
          -1.6863745702878674
        ],
        [
          -0.9522221272897589,
          -0.21071167164935062,
          0.2210737700537616,
          0.9414471523178761
        ],
        [
          0.0,
          0.0,
          0.0,
          1.0
        ]
      ],
      "w": 3840.0,
      "h": 2160.0,
      "fl_x": 3220.355527446676,
      "fl_y": 3220.355527446676,
      "k1": 0.13376356582410354,
      "k2": 0,
      "k3": 0,
      "k4": 0,
      "p1": 0,
      "p2": 0,
      "cx": 1920.0,
      "cy": 1080.0,
      "is_fisheye": false,
      "camera_angle_x": 1.0752524078560568,
      "camera_angle_y": 0.6471589300161028,
