{
  "frames": [
    {
      "file_path": "/home/doan/VA_0223/20250411_Final/Reconstruction_3D/data/processed_images/xe_F1_khan/frame_0000.png",
      "sharpness": 206.5707834201389,
      "transform_matrix": [
        [
          -0.0007984926565698571,
          -0.6591826691443293,
          0.7519824274464093,
          2.7424559975142757
        ],
        [
          0.9999473648361099,
          0.007165617061635356,
          0.007343125323856552,
          0.11813283361418692
        ],
        [
          -0.010228879063001049,
          0.7519487101597456,
          0.6591422512639018,
          2.3265223496721026
        ],
        [
          0.0,
          0.0,
          0.0,
          1.0
        ]
      ],
      "w": 1280.0,
      "h": 720.0,
      "fl_x": 1149.5477022643292,
      "fl_y": 1149.5477022643292,
      "k1": 0.01553274045791086,
      "k2": 0,
      "k3": 0,
      "k4": 0,
      "p1": 0,
      "p2": 0,
      "cx": 640.0,
      "cy": 360.0,
      "is_fisheye": false,
      "camera_angle_x": 1.0160073659834372,
      "camera_angle_y": 0.6069841804620686,
      "fovx": 58.21293402505456,
      "fovy": 34.77763177168365
    },
    {
      "file_path": "/home/doan/VA_0223/20250411_Final/Reconstruction_3D/data/processed_images/xe_F1_khan/frame_0004.png",
      "sharpness": 129.2414453125,
      "transform_matrix": [
        [
          -0.19476101824103828,
          -0.6259319113831131,
          0.7551671259826898,
          2.8646324177626687
        ],
        [
          0.9808096260639503,
          -0.11723391518964264,
          0.1557841023650289,
          0.7161324206981038
        ],
        [
          -0.008979042154984268,
          0.7710158568532492,
          0.6367526406398831,
          2.4087154653458
        ],
        [
          0.0,
          0.0,
          0.0,
          1.0
        ]
      ],
      "w": 1280.0,
      "h": 720.0,
      "fl_x": 1153.8390372713225,
      "fl_y": 1153.8390372713225,
      "k1": 0.02484717937759357,
      "k2": 0,
      "k3": 0,
      "k4": 0,
      "p1": 0,
      "p2": 0,
      "cx": 640.0,
      "cy": 360.0,
      "is_fisheye": false,
      "camera_angle_x": 1.0128432379128616,
      "camera_angle_y": 0.6048620823368375,
      "fovx": 58.0316428407717,
      "fovy": 34.656044505395286
    },
    {
      "file_path": "/home/doan/VA_0223/20250411_Final/Reconstruction_3D/data/processed_images/xe_F1_khan/frame_0010.png",
      "sharpness": 132.38952039930555,
      "transform_matrix": [
        [
          -0.7212148269089016,
          -0.38537925555593383,
          0.5756144568310253,
          2.290267912948356
        ],
        [
          0.6910151175392577,
          -0.4583719293730339,
          0.5589215344707381,
          2.2951555873324114
        ],
        [
          0.04844874428413479,
          0.8008607892833584,
          0.5968875232778471,
          2.4538711464731335
        ],
        [
          0.0,
          0.0,
          0.0,
          1.0
        ]
      ],
      "w": 1280.0,
      "h": 720.0,
      "fl_x": 1145.0777946410606,
      "fl_y": 1145.0777946410606,
      "k1": 0.05269475628261971,
      "k2": 0,
      "k3": 0,
      "k4": 0,
      "p1": 0,
      "p2": 0,
      "cx": 640.0,
      "cy": 360.0,
      "is_fisheye": false,
      "camera_angle_x": 1.01932239297619,
      "camera_angle_y": 0.6092099804476145,
      "fovx": 58.40287108071124,
      "fovy": 34.905160716895715
    },
    {
      "file_path": "/home/doan/VA_0223/20250411_Final/Reconstruction_3D/data/processed_images/xe_F1_khan/frame_0003.png",
      "sharpness": 133.43725694444444,
      "transform_matrix": [
        [
          -0.12026643876932902,
          -0.6407153585254725,
          0.7583006086864745,
          2.811063230987021
        ],
        [
          0.9927197962558615,
          -0.07254993175571027,
          0.09614527301973425,
          0.401110556177759
        ],
        [
          -0.006587095662851185,
          0.7643430753465209,
          0.6447761420986252,
          2.374897290826626
        ],
        [
          0.0,
          0.0,
          0.0,
          1.0
        ]
      ],
      "w": 1280.0,
      "h": 720.0,
      "fl_x": 1152.656753763878,
      "fl_y": 1152.656753763878,
      "k1": 0.019360267405772052,
      "k2": 0,
      "k3": 0,
      "k4": 0,
      "p1": 0,
      "p2": 0,
      "cx": 640.0,
      "cy": 360.0,
      "is_fisheye": false,
      "camera_angle_x": 1.013713173461514,
      "camera_angle_y": 0.605445293871539,
      "fovx": 58.08148647615787,
      "fovy": 34.68946006489703
    },
    {
      "file_path": "/home/doan/VA_0223/20250411_Final/Reconstruction_3D/data/processed_images/xe_F1_khan/frame_0006.png",
      "sharpness": 113.68240668402778,
      "transform_matrix": [
        [
          -0.3627531807796836,
          -0.5741595639584445,
          0.7339965429266205,
          2.7258809330474176
        ],
        [
          0.9318767631589514,
          -0.22686261972237798,
          0.28308841385187733,
          1.2714776503809848
        ],
        [
          0.003978458336620434,
          0.7866855451589635,
          0.6173410929026543,
          2.357693880519865
        ],
        [
          0.0,
          0.0,
          0.0,
          1.0
        ]
      ],
      "w": 1280.0,
      "h": 720.0,
      "fl_x": 1164.3390594393845,
      "fl_y": 1164.3390594393845,
      "k1": 0.01350106226695295,
      "k2": 0,
      "k3": 0,
      "k4": 0,
      "p1": 0,
      "p2": 0,
      "cx": 640.0,
      "cy": 360.0,
      "is_fisheye": false,
      "camera_angle_x": 1.0051766642511983,
      "camera_angle_y": 0.599729908434322,
      "fovx": 57.59238052663224,
      "fovy": 34.36199260105396
    },
    {
      "file_path": "/home/doan/VA_0223/20250411_Final/Reconstruction_3D/data/processed_images/xe_F1_khan/frame_0005.png",
      "sharpness": 114.94754991319445,
      "transform_matrix": [
        [
          -0.2762436059734755,
          -0.6012081482659258,
          0.7498254681566816,
          2.8792364673844237
        ],
        [
          0.9610762876241655,
          -0.16900844062820192,
          0.21856009782906877,
          1.0161981845634944
        ],
        [
          -0.0046732785841617705,
          0.781015306848293,
          0.6244943963039031,
          2.422046156411949
        ],
        [
          0.0,
          0.0,
          0.0,
          1.0
        ]
      ],
      "w": 1280.0,
      "h": 720.0,
      "fl_x": 1165.177870199634,
      "fl_y": 1165.177870199634,
      "k1": 0.02875738748905088,
      "k2": 0,
      "k3": 0,
      "k4": 0,
      "p1": 0,
      "p2": 0,
      "cx": 640.0,
      "cy": 360.0,
      "is_fisheye": false,
      "camera_angle_x": 1.004568782931244,
      "camera_angle_y": 0.5993235576723349,
      "fovx": 57.55755149255401,
      "fovy": 34.33871041739018
    },
    {
      "file_path": "/home/doan/VA_0223/20250411_Final/Reconstruction_3D/data/processed_images/xe_F1_khan/frame_0011.png",
      "sharpness": 109.62595811452853,
      "transform_matrix": [
        [
          -0.7963426325344544,
          -0.32128312373856666,
          0.5124603068412649,
          2.020885947287547
        ],
        [
          0.6020207550386157,
          -0.5028191835447838,
          0.6202772599105727,
          2.6375370834817007
        ],
        [
          0.058390257436966686,
          0.8024649669103423,
          0.593835461047135,
          2.43837357008059
        ],
        [
          0.0,
          0.0,
          0.0,
          1.0
        ]
      ],
      "w": 1280.0,
      "h": 720.0,
      "fl_x": 1163.2174643390813,
      "fl_y": 1163.2174643390813,
      "k1": 0.03157226964519108,
      "k2": 0,
      "k3": 0,
      "k4": 0,
      "p1": 0,
      "p2": 0,
      "cx": 640.0,
      "cy": 360.0,
      "is_fisheye": false,
      "camera_angle_x": 1.0059905295064742,
      "camera_angle_y": 0.6002740860573023,
      "fovx": 57.639011570851885,
      "fovy": 34.39317168215619
    },
    {
      "file_path": "/home/doan/VA_0223/20250411_Final/Reconstruction_3D/data/processed_images/xe_F1_khan/frame_0009.png",
      "sharpness": 143.39898871527777,
      "transform_matrix": [
        [
          -0.6366188148593804,
          -0.44520193000578007,
          0.6296917707617954,
          2.428464251975227
        ],
        [
          0.7703583674040835,
          -0.4047801852301317,
          0.4926469196246453,
          2.1012034598078952
        ],
        [
          0.03555939217855477,
          0.7987166226074094,
          0.6006557137641666,
          2.4331882066170074
        ],
        [
          0.0,
          0.0,
          0.0,
          1.0
        ]
      ],
      "w": 1280.0,
      "h": 720.0,
      "fl_x": 1159.182482851661,
      "fl_y": 1159.182482851661,
      "k1": 0.030863256851845565,
      "k2": 0,
      "k3": 0,
      "k4": 0,
      "p1": 0,
      "p2": 0,
      "cx": 640.0,
      "cy": 360.0,
      "is_fisheye": false,
      "camera_angle_x": 1.008928429110024,
      "camera_angle_y": 0.6022397304934003,
      "fovx": 57.807340818768445,
      "fovy": 34.50579481236799
    },
    {
      "file_path": "/home/doan/VA_0223/20250411_Final/Reconstruction_3D/data/processed_images/xe_F1_khan/frame_0002.png",
      "sharpness": 164.27485460069445,
      "transform_matrix": [
        [
          -0.06414733093247645,
          -0.6521089226273303,
          0.75540656142439,
          2.7855980390478936
        ],
        [
          0.9979143460042338,
          -0.03644236094305387,
          0.053281444874503855,
          0.22672555490614807
        ],
        [
          -0.007216507042961354,
          0.7572489071880526,
          0.6530865292345526,
          2.3564624118299293
        ],
        [
          0.0,
          0.0,
          0.0,
          1.0
        ]
      ],
      "w": 1280.0,
      "h": 720.0,
      "fl_x": 1150.561946700528,
      "fl_y": 1150.561946700528,
      "k1": 0.015028297721418858,
      "k2": 0,
      "k3": 0,
      "k4": 0,
      "p1": 0,
      "p2": 0,
      "cx": 640.0,
      "cy": 360.0,
      "is_fisheye": false,
      "camera_angle_x": 1.015257906654299,
      "camera_angle_y": 0.6064813275603477,
      "fovx": 58.16999316857823,
      "fovy": 34.74882042269914
    },
    {
      "file_path": "/home/doan/VA_0223/20250411_Final/Reconstruction_3D/data/processed_images/xe_F1_khan/frame_0007.png",
      "sharpness": 113.61946831597223,
      "transform_matrix": [
        [
          -0.459437142189499,
          -0.5386679229629093,
          0.706225446459224,
          2.5606142598996358
        ],
        [
          0.888169784263112,
          -0.2862126351623999,
          0.35949514850062797,
          1.4824771062353959
        ],
        [
          0.00848214109176103,
          0.792413526080927,
          0.6099252880849644,
          2.3001909593815086
        ],
        [
          0.0,
          0.0,
          0.0,
          1.0
        ]
      ],
      "w": 1280.0,
      "h": 720.0,
      "fl_x": 1152.8170139803735,
      "fl_y": 1152.8170139803735,
      "k1": 0.024467040885311868,
      "k2": 0,
      "k3": 0,
      "k4": 0,
      "p1": 0,
      "p2": 0,
      "cx": 640.0,
      "cy": 360.0,
      "is_fisheye": false,
      "camera_angle_x": 1.0135951725391337,
      "camera_angle_y": 0.6053661748558394,
      "fovx": 58.07472552132684,
      "fovy": 34.68492687921822
    },
    {
      "file_path": "/home/doan/VA_0223/20250411_Final/Reconstruction_3D/data/processed_images/xe_F1_khan/frame_0008.png",
      "sharpness": 137.97185546875,
      "transform_matrix": [
        [
          -0.55066399335931,
          -0.4959431304974705,
          0.6714235457659389,
          2.4984745489324394
        ],
        [
          0.8345073679075193,
          -0.34553518996914173,
          0.4291886361509693,
          1.8425561217692472
        ],
        [
          0.01914730664933699,
          0.7966466242155965,
          0.6041419840178349,
          2.3785733285696784
        ],
        [
          0.0,
          0.0,
          0.0,
          1.0
        ]
      ],
      "w": 1280.0,
      "h": 720.0,
      "fl_x": 1149.0994551468546,
      "fl_y": 1149.0994551468546,
      "k1": 0.034000663092128944,
      "k2": 0,
      "k3": 0,
      "k4": 0,
      "p1": 0,
      "p2": 0,
      "cx": 640.0,
      "cy": 360.0,
      "is_fisheye": false,
      "camera_angle_x": 1.0163389126493834,
      "camera_angle_y": 0.6072066747684971,
      "fovx": 58.231930249724904,
      "fovy": 34.790379756407695
    },
    {
      "file_path": "/home/doan/VA_0223/20250411_Final/Reconstruction_3D/data/processed_images/xe_F1_khan/frame_0001.png",
      "sharpness": 173.1437521701389,
      "transform_matrix": [
        [
          -0.025750400928998777,
          -0.658009804747433,
          0.7525689428797869,
          2.736125995942078
        ],
        [
          0.999628958826837,
          -0.010261419322134997,
          0.02523188356713278,
          0.1407070259147536
        ],
        [
          -0.00888040128771364,
          0.7529394399343823,
          0.6580298916791723,
          2.316908295087039
        ],
        [
          0.0,
          0.0,
          0.0,
          1.0
        ]
      ],
      "w": 1280.0,
      "h": 720.0,
      "fl_x": 1146.6658175414157,
      "fl_y": 1146.6658175414157,
      "k1": 0.010941848385747622,
      "k2": 0,
      "k3": 0,
      "k4": 0,
      "p1": 0,
      "p2": 0,
      "cx": 640.0,
      "cy": 360.0,
      "is_fisheye": false,
      "camera_angle_x": 1.0181424071236589,
      "camera_angle_y": 0.6084174119350436,
      "fovx": 58.335262871476054,
      "fovy": 34.85974988615044
    },
    {
      "file_path": "/home/doan/VA_0223/20250411_Final/Reconstruction_3D/data/processed_images/xe_F1_khan/frame_0012.png",
      "sharpness": 98.52343098958333,
      "transform_matrix": [
        [
          -0.8528579780260499,
          -0.25556076973266206,
          0.45532621533349704,
          1.6458045182507766
        ],
        [
          0.5167899119210422,
          -0.5376967801879919,
          0.6661909332257413,
          2.8251226135903393
        ],
        [
          0.07457517223591469,
          0.8034742470077323,
          0.5906502164228644,
          2.501924836250106
        ],
        [
          0.0,
          0.0,
          0.0,
          1.0
        ]
      ],
      "w": 1280.0,
      "h": 720.0,
      "fl_x": 1124.0132439734314,
      "fl_y": 1124.0132439734314,
      "k1": 0.06549977750651624,
      "k2": 0,
      "k3": 0,
      "k4": 0,
      "p1": 0,
      "p2": 0,
      "cx": 640.0,
      "cy": 360.0,
      "is_fisheye": false,
      "camera_angle_x": 1.0352134366826822,
      "camera_angle_y": 0.619915505848942,
      "fovx": 59.31336081715117,
      "fovy": 35.51854213986187
    },
    {
      "file_path": "/home/doan/VA_0223/20250411_Final/Reconstruction_3D/data/processed_images/xe_F1_khan/frame_0020.png",
      "sharpness": 143.05050998263889,
      "transform_matrix": [
        [
          -0.9876673654852879,
          0.15638176918277674,
          -0.007610354891520061,
          -0.09030854757594638
        ],
        [
          -0.101956411307022,
          -0.605520601987199,
          0.7892716203960017,
          3.281327125004645
        ],
        [
          0.11881946568803432,
          0.7803137464423351,
          0.6139970616914812,
          2.6414497056922683
        ],
        [
          0.0,
          0.0,
          0.0,
          1.0
        ]
      ],
      "w": 1280.0,
      "h": 720.0,
      "fl_x": 1130.3214708073124,
      "fl_y": 1130.3214708073124,
      "k1": 0.06866972387460636,
      "k2": 0,
      "k3": 0,
      "k4": 0,
      "p1": 0,
      "p2": 0,
      "cx": 640.0,
      "cy": 360.0,
      "is_fisheye": false,
      "camera_angle_x": 1.0304074533646292,
      "camera_angle_y": 0.6166715008993391,
      "fovx": 59.037998256616454,
      "fovy": 35.33267434753008
    },
    {
      "file_path": "/home/doan/VA_0223/20250411_Final/Reconstruction_3D/data/processed_images/xe_F1_khan/frame_0018.png",
      "sharpness": 91.58382161458333,
      "transform_matrix": [
        [
          -0.9915102350084645,
          0.05436489173345635,
          0.11811821408753026,
          0.292333632195622
        ],
        [
          0.06108094160316552,
          -0.6072016747513279,
          0.7921964685304583,
          3.309057018495373
        ],
        [
          0.11478925265586921,
          0.7926856784224614,
          0.5987260164529887,
          2.5602591688925314
        ],
        [
          0.0,
          0.0,
          0.0,
          1.0
        ]
      ],
      "w": 1280.0,
      "h": 720.0,
      "fl_x": 1131.9516611699435,
      "fl_y": 1131.9516611699435,
      "k1": 0.06631485714671399,
      "k2": 0,
      "k3": 0,
      "k4": 0,
      "p1": 0,
      "p2": 0,
      "cx": 640.0,
      "cy": 360.0,
      "is_fisheye": false,
      "camera_angle_x": 1.0291720727676767,
      "camera_angle_y": 0.6158385134649376,
      "fovx": 58.96721616231872,
      "fovy": 35.284947683151444
    },
    {
      "file_path": "/home/doan/VA_0223/20250411_Final/Reconstruction_3D/data/processed_images/xe_F1_khan/frame_0013.png",
      "sharpness": 121.87094618055555,
      "transform_matrix": [
        [
          -0.8977994579557719,
          -0.1922258604008827,
          0.3962390086379957,
          1.3398716876729921
        ],
        [
          0.4317601498161356,
          -0.5615619919099677,
          0.7058550150512027,
          3.1265316876687597
        ],
        [
          0.08682917937668821,
          0.804796463640871,
          0.5871655182305533,
          2.5707621705901094
        ],
        [
          0.0,
          0.0,
          0.0,
          1.0
        ]
      ],
      "w": 1280.0,
      "h": 720.0,
      "fl_x": 1133.8971693826995,
      "fl_y": 1133.8971693826995,
      "k1": 0.05365424344719144,
      "k2": 0,
      "k3": 0,
      "k4": 0,
      "p1": 0,
      "p2": 0,
      "cx": 640.0,
      "cy": 360.0,
      "is_fisheye": false,
      "camera_angle_x": 1.0277012645598607,
      "camera_angle_y": 0.6148472537092888,
      "fovx": 58.88294505953766,
      "fovy": 35.2281526827516
    },
    {
      "file_path": "/home/doan/VA_0223/20250411_Final/Reconstruction_3D/data/processed_images/xe_F1_khan/frame_0015.png",
      "sharpness": 136.46832899305556,
      "transform_matrix": [
        [
          -0.9554186216744022,
          -0.08021616697550911,
          0.28414894684390773,
          1.0084422834230609
        ],
        [
          0.27543749558846886,
          -0.5887863453501329,
          0.7599110642392716,
          3.2813898801041526
        ],
        [
          0.10634586713175949,
          0.8042984558833999,
          0.5846319786725733,
          2.4896197164676117
        ],
        [
          0.0,
          0.0,
          0.0,
          1.0
        ]
      ],
      "w": 1280.0,
      "h": 720.0,
      "fl_x": 1124.3875626927195,
      "fl_y": 1124.3875626927195,
      "k1": 0.05153857413635648,
      "k2": 0,
      "k3": 0,
      "k4": 0,
      "p1": 0,
      "p2": 0,
      "cx": 640.0,
      "cy": 360.0,
      "is_fisheye": false,
      "camera_angle_x": 1.0349271211773228,
      "camera_angle_y": 0.6197220909291309,
      "fovx": 59.29695614708492,
      "fovy": 35.507460281261835
    },
    {
      "file_path": "/home/doan/VA_0223/20250411_Final/Reconstruction_3D/data/processed_images/xe_F1_khan/frame_0014.png",
      "sharpness": 136.32223307291667,
      "transform_matrix": [
        [
          -0.9315635676705726,
          -0.1329513491927629,
          0.33839807655431087,
          1.1577418607718575
        ],
        [
          0.35032171904708825,
          -0.5772682759837842,
          0.7375879816717992,
          3.306910966038021
        ],
        [
          0.09728315693710321,
          0.8056582875778528,
          0.5843378398773335,
          2.5392327304028393
        ],
        [
          0.0,
          0.0,
          0.0,
          1.0
        ]
      ],
      "w": 1280.0,
      "h": 720.0,
      "fl_x": 1140.4307867034893,
      "fl_y": 1140.4307867034893,
      "k1": 0.039476584506823544,
      "k2": 0,
      "k3": 0,
      "k4": 0,
      "p1": 0,
      "p2": 0,
      "cx": 640.0,
      "cy": 360.0,
      "is_fisheye": false,
      "camera_angle_x": 1.022789735859521,
      "camera_angle_y": 0.6115407963476462,
      "fovx": 58.601535194050825,
      "fovy": 35.03870663078952
    },
    {
      "file_path": "/home/doan/VA_0223/20250411_Final/Reconstruction_3D/data/processed_images/xe_F1_khan/frame_0016.png",
      "sharpness": 90.3644140625,
      "transform_matrix": [
        [
          -0.973040228012358,
          -0.03351903859013284,
          0.22818674107101494,
          0.7745146808608843
        ],
        [
          0.20293488158182924,
          -0.5945545334697474,
          0.778024640077688,
          3.3244222307973352
        ],
        [
          0.10959082344662127,
          0.8033563224582162,
          0.5853276609402097,
          2.4513675647740887
        ],
        [
          0.0,
          0.0,
          0.0,
          1.0
        ]
      ],
      "w": 1280.0,
      "h": 720.0,
      "fl_x": 1137.8733503287808,
      "fl_y": 1137.8733503287808,
      "k1": 0.05611050800487787,
      "k2": 0,
      "k3": 0,
      "k4": 0,
      "p1": 0,
      "p2": 0,
      "cx": 640.0,
      "cy": 360.0,
      "is_fisheye": false,
      "camera_angle_x": 1.0247071394393024,
      "camera_angle_y": 0.6128309232001786,
      "fovx": 58.71139432679558,
      "fovy": 35.11262545447612
    },
    {
      "file_path": "/home/doan/VA_0223/20250411_Final/Reconstruction_3D/data/processed_images/xe_F1_khan/frame_0022.png",
      "sharpness": 121.78007378472222,
      "transform_matrix": [
        [
          -0.9499343734869694,
          0.27609013612455635,
          -0.14628370682205744,
          -0.6731181981747271
        ],
        [
          -0.28629632590081966,
          -0.5816235766881298,
          0.7614121280990177,
          3.181797336717081
        ],
        [
          0.12513632532070343,
          0.7651720406734283,
          0.6315478195164067,
          2.719843370848531
        ],
        [
          0.0,
          0.0,
          0.0,
          1.0
        ]
      ],
      "w": 1280.0,
      "h": 720.0,
      "fl_x": 1129.6122508615904,
      "fl_y": 1129.6122508615904,
      "k1": 0.07335931613138333,
      "k2": 0,
      "k3": 0,
      "k4": 0,
      "p1": 0,
      "p2": 0,
      "cx": 640.0,
      "cy": 360.0,
      "is_fisheye": false,
      "camera_angle_x": 1.0309457527369221,
      "camera_angle_y": 0.6170345763297875,
      "fovx": 59.06884053876338,
      "fovy": 35.35347703733967
    },
    {
      "file_path": "/home/doan/VA_0223/20250411_Final/Reconstruction_3D/data/processed_images/xe_F1_khan/frame_0023.png",
      "sharpness": 106.91240668402777,
      "transform_matrix": [
        [
          -0.9156628521074315,
          0.33508669538963476,
          -0.22198749496829095,
          -1.0571626307312603
        ],
        [
          -0.3828003841298535,
          -0.5585639849997545,
          0.7358465468909307,
          3.1391322495233362
        ],
        [
          0.12257816790195465,
          0.7587642461854402,
          0.6397276073013235,
          2.8206474788692484
        ],
        [
          0.0,
          0.0,
          0.0,
          1.0
        ]
      ],
      "w": 1280.0,
      "h": 720.0,
      "fl_x": 1136.4246244340661,
      "fl_y": 1136.4246244340661,
      "k1": 0.04614852366072484,
      "k2": 0,
      "k3": 0,
      "k4": 0,
      "p1": 0,
      "p2": 0,
      "cx": 640.0,
      "cy": 360.0,
      "is_fisheye": false,
      "camera_angle_x": 1.0257962103369322,
      "camera_angle_y": 0.6135640905925734,
      "fovx": 58.77379349282029,
      "fovy": 35.154632851736956
    },
    {
      "file_path": "/home/doan/VA_0223/20250411_Final/Reconstruction_3D/data/processed_images/xe_F1_khan/frame_0019.png",
      "sharpness": 151.04465060763889,
      "transform_matrix": [
        [
          -0.9927748579862791,
          0.10289065922869506,
          0.06173810551650645,
          0.07167310688782161
        ],
        [
          -0.013792913640041253,
          -0.608961866674153,
          0.7930795675530455,
          3.2922535617920192
        ],
        [
          0.11919663150659898,
          0.7864979066916055,
          0.6059811926836,
          2.5705755912718478
        ],
        [
          0.0,
          0.0,
          0.0,
          1.0
        ]
      ],
      "w": 1280.0,
      "h": 720.0,
      "fl_x": 1135.8968025773195,
      "fl_y": 1135.8968025773195,
      "k1": 0.07420532605650867,
      "k2": 0,
      "k3": 0,
      "k4": 0,
      "p1": 0,
      "p2": 0,
      "cx": 640.0,
      "cy": 360.0,
      "is_fisheye": false,
      "camera_angle_x": 1.0261935213773523,
      "camera_angle_y": 0.6138316316996988,
      "fovx": 58.79655773859031,
      "fovy": 35.1699618280215
    },
    {
      "file_path": "/home/doan/VA_0223/20250411_Final/Reconstruction_3D/data/processed_images/xe_F1_khan/frame_0017.png",
      "sharpness": 114.3404275173611,
      "transform_matrix": [
        [
          -0.9851221432361945,
          0.010105585017861378,
          0.1715582703810342,
          0.5444694833790525
        ],
        [
          0.13080751257130024,
          -0.6033647347885782,
          0.7866640906184126,
          3.3219980264039455
        ],
        [
          0.1114619111574828,
          0.7974013255665403,
          0.5930660742487982,
          2.4762877896723112
        ],
        [
          0.0,
          0.0,
          0.0,
          1.0
        ]
      ],
      "w": 1280.0,
      "h": 720.0,
      "fl_x": 1134.602932791061,
      "fl_y": 1134.602932791061,
      "k1": 0.05005716011275512,
      "k2": 0,
      "k3": 0,
      "k4": 0,
      "p1": 0,
      "p2": 0,
      "cx": 640.0,
      "cy": 360.0,
      "is_fisheye": false,
      "camera_angle_x": 1.0271686515874183,
      "camera_angle_y": 0.614488422146466,
      "fovx": 58.852428584102796,
      "fovy": 35.20759314864577
    },
    {
      "file_path": "/home/doan/VA_0223/20250411_Final/Reconstruction_3D/data/processed_images/xe_F1_khan/frame_0021.png",
      "sharpness": 151.93167100694444,
      "transform_matrix": [
        [
          -0.9734828687422497,
          0.2150487709151303,
          -0.0780072462801397,
          -0.34564576973405264
        ],
        [
          -0.19438734161508503,
          -0.5978566142641633,
          0.7776766874482529,
          3.2454027849194764
        ],
        [
          0.12060126765598182,
          0.7722185538822046,
          0.6238059308461903,
          2.6401801119287254
        ],
        [
          0.0,
          0.0,
          0.0,
          1.0
        ]
      ],
      "w": 1280.0,
      "h": 720.0,
      "fl_x": 1127.899747129329,
      "fl_y": 1127.899747129329,
      "k1": 0.07230518650385101,
      "k2": 0,
      "k3": 0,
      "k4": 0,
      "p1": 0,
      "p2": 0,
      "cx": 640.0,
      "cy": 360.0,
      "is_fisheye": false,
      "camera_angle_x": 1.0322476582451492,
      "camera_angle_y": 0.617912977657356,
      "fovx": 59.14343422970963,
      "fovy": 35.403805726128034
    },
    {
      "file_path": "/home/doan/VA_0223/20250411_Final/Reconstruction_3D/data/processed_images/xe_F1_khan/frame_0024.png",
      "sharpness": 96.85414713541667,
      "transform_matrix": [
        [
          -0.872627259002918,
          0.3935789095847728,
          -0.28916657630866377,
          -1.3585982340820804
        ],
        [
          -0.47245217139862544,
          -0.5302758162495305,
          0.7039861535866272,
          3.0871282990691196
        ],
        [
          0.12373606040724439,
          0.7509348844532405,
          0.6486803424993919,
          2.7930228221654976
        ],
        [
          0.0,
          0.0,
          0.0,
          1.0
        ]
      ],
      "w": 1280.0,
      "h": 720.0,
      "fl_x": 1153.068454535953,
      "fl_y": 1153.068454535953,
      "k1": 0.03381787691571857,
      "k2": 0,
      "k3": 0,
      "k4": 0,
      "p1": 0,
      "p2": 0,
      "cx": 640.0,
      "cy": 360.0,
      "is_fisheye": false,
      "camera_angle_x": 1.013410085311754,
      "camera_angle_y": 0.605242081318043,
      "fovx": 58.06412080435621,
      "fovy": 34.677816843237636
    },
    {
      "file_path": "/home/doan/VA_0223/20250411_Final/Reconstruction_3D/data/processed_images/xe_F1_khan/frame_0025.png",
      "sharpness": 137.46629221103686,
      "transform_matrix": [
        [
          -0.8226291465485732,
          0.4481456206312344,
          -0.3499239775105016,
          -1.4420564106647145
        ],
        [
          -0.5546429236288755,
          -0.49707289137280475,
          0.667300358107778,
          2.8844620468619
        ],
        [
          0.12511000986983806,
          0.7430235820160287,
          0.6574674456408273,
          2.7008541182469803
        ],
        [
          0.0,
          0.0,
          0.0,
          1.0
        ]
      ],
      "w": 1280.0,
      "h": 720.0,
      "fl_x": 1152.587952303544,
      "fl_y": 1152.587952303544,
      "k1": 0.02402496680104219,
      "k2": 0,
      "k3": 0,
      "k4": 0,
      "p1": 0,
      "p2": 0,
      "cx": 640.0,
      "cy": 360.0,
      "is_fisheye": false,
      "camera_angle_x": 1.01376384024093,
      "camera_angle_y": 0.6054792666790975,
      "fovx": 58.08438946877993,
      "fovy": 34.69140656338834
    },
    {
      "file_path": "/home/doan/VA_0223/20250411_Final/Reconstruction_3D/data/processed_images/xe_F1_khan/frame_0030.png",
      "sharpness": 129.79907986111112,
      "transform_matrix": [
        [
          -0.4542000498035901,
          0.6596475600199304,
          -0.5988049861157866,
          -2.308882068181231
        ],
        [
          -0.884939024717203,
          -0.256431795825888,
          0.3887488348820499,
          1.5888248524299118
        ],
        [
          0.10288458245136804,
          0.7064756405736177,
          0.7002192028564626,
          2.9390559076038407
        ],
        [
          0.0,
          0.0,
          0.0,
          1.0
        ]
      ],
      "w": 1280.0,
      "h": 720.0,
      "fl_x": 1121.80256367287,
      "fl_y": 1121.80256367287,
      "k1": 0.0671385495220573,
      "k2": 0,
      "k3": 0,
      "k4": 0,
      "p1": 0,
      "p2": 0,
      "cx": 640.0,
      "cy": 360.0,
      "is_fisheye": false,
      "camera_angle_x": 1.03690732153177,
      "camera_angle_y": 0.6210601773158139,
      "fovx": 59.41041326998505,
      "fovy": 35.58412698384269
    },
    {
      "file_path": "/home/doan/VA_0223/20250411_Final/Reconstruction_3D/data/processed_images/xe_F1_khan/frame_0026.png",
      "sharpness": 112.31464192708333,
      "transform_matrix": [
        [
          -0.7647728274755039,
          0.4993275556919954,
          -0.40717872557482515,
          -1.4542135085057437
        ],
        [
          -0.6320907677199663,
          -0.4590155463759238,
          0.6243124134185314,
          2.616938745067854
        ],
        [
          0.12483502618806529,
          0.7348310828859752,
          0.6666629552782166,
          2.6481043964810853
        ],
        [
          0.0,
          0.0,
          0.0,
          1.0
        ]
      ],
      "w": 1280.0,
      "h": 720.0,
      "fl_x": 1135.606516094958,
      "fl_y": 1135.606516094958,
      "k1": 0.03832584726187504,
      "k2": 0,
      "k3": 0,
      "k4": 0,
      "p1": 0,
      "p2": 0,
      "cx": 640.0,
      "cy": 360.0,
      "is_fisheye": false,
      "camera_angle_x": 1.026412150233618,
      "camera_angle_y": 0.6139788677569392,
      "fovx": 58.80908424933411,
      "fovy": 35.17839783269352
    },
    {
      "file_path": "/home/doan/VA_0223/20250411_Final/Reconstruction_3D/data/processed_images/xe_F1_khan/frame_0031.png",
      "sharpness": 122.20824869791667,
      "transform_matrix": [
        [
          -0.36673061074699104,
          0.6827260957301561,
          -0.6319760576391763,
          -2.497831829832046
        ],
        [
          -0.9254852970405212,
          -0.19851125779834455,
          0.3225992025551417,
          1.252219937429614
        ],
        [
          0.09479253194574178,
          0.7031915520062301,
          0.7046531183166794,
          3.02138839691862
        ],
        [
          0.0,
          0.0,
          0.0,
          1.0
        ]
      ],
      "w": 1280.0,
      "h": 720.0,
      "fl_x": 1127.0453844565163,
      "fl_y": 1127.0453844565163,
      "k1": 0.07384646467318001,
      "k2": 0,
      "k3": 0,
      "k4": 0,
      "p1": 0,
      "p2": 0,
      "cx": 640.0,
      "cy": 360.0,
      "is_fisheye": false,
      "camera_angle_x": 1.032898293629263,
      "camera_angle_y": 0.6183521150500759,
      "fovx": 59.18071289122121,
      "fovy": 35.42896644535726
    },
    {
      "file_path": "/home/doan/VA_0223/20250411_Final/Reconstruction_3D/data/processed_images/xe_F1_khan/frame_0027.png",
      "sharpness": 125.15729600694445,
      "transform_matrix": [
        [
          -0.6965618869105978,
          0.5468128353579357,
          -0.4645398377645573,
          -1.6239414319773724
        ],
        [
          -0.7075037183900783,
          -0.4157837165717566,
          0.5714563758486436,
          2.4528631194879558
        ],
        [
          0.11933158091977866,
          0.726718394006971,
          0.6764912044410853,
          2.671152338944559
        ],
        [
          0.0,
          0.0,
          0.0,
          1.0
        ]
      ],
      "w": 1280.0,
      "h": 720.0,
      "fl_x": 1154.9516773449727,
      "fl_y": 1154.9516773449727,
      "k1": 0.004852726373043225,
      "k2": 0,
      "k3": 0,
      "k4": 0,
      "p1": 0,
      "p2": 0,
      "cx": 640.0,
      "cy": 360.0,
      "is_fisheye": false,
      "camera_angle_x": 1.0120257909748043,
      "camera_angle_y": 0.6043142193145296,
      "fovx": 57.98480658124513,
      "fovy": 34.62465426646576
    },
    {
      "file_path": "/home/doan/VA_0223/20250411_Final/Reconstruction_3D/data/processed_images/xe_F1_khan/frame_0029.png",
      "sharpness": 82.02731770833333,
      "transform_matrix": [
        [
          -0.5411136437305508,
          0.6277644400033459,
          -0.5595603921963127,
          -2.099964416946942
        ],
        [
          -0.8335872134530897,
          -0.312548447401743,
          0.4554622109399956,
          1.9869194446293938
        ],
        [
          0.11103324798496422,
          0.7128992046329561,
          0.6924206394632123,
          2.913544855984708
        ],
        [
          0.0,
          0.0,
          0.0,
          1.0
        ]
      ],
      "w": 1280.0,
      "h": 720.0,
      "fl_x": 1126.4645478208697,
      "fl_y": 1126.4645478208697,
      "k1": 0.06407024653556291,
      "k2": 0,
      "k3": 0,
      "k4": 0,
      "p1": 0,
      "p2": 0,
      "cx": 640.0,
      "cy": 360.0,
      "is_fisheye": false,
      "camera_angle_x": 1.0333410528070444,
      "camera_angle_y": 0.6186510068081402,
      "fovx": 59.20608112344877,
      "fovy": 35.446091681625596
    },
    {
      "file_path": "/home/doan/VA_0223/20250411_Final/Reconstruction_3D/data/processed_images/xe_F1_khan/frame_0032.png",
      "sharpness": 123.41975043402778,
      "transform_matrix": [
        [
          -0.2813735375570836,
          0.6971720671884999,
          -0.6593785264729844,
          -2.638789301115849
        ],
        [
          -0.9556978270877282,
          -0.14170210215431808,
          0.25799646808612936,
          0.9910728870320071
        ],
        [
          0.08643260766630013,
          0.7027600038811674,
          0.7061570514807456,
          2.9605810913006843
        ],
        [
          0.0,
          0.0,
          0.0,
          1.0
        ]
      ],
      "w": 1280.0,
      "h": 720.0,
      "fl_x": 1124.8908528209893,
      "fl_y": 1124.8908528209893,
      "k1": 0.0743440083097771,
      "k2": 0,
      "k3": 0,
      "k4": 0,
      "p1": 0,
      "p2": 0,
      "cx": 640.0,
      "cy": 360.0,
      "is_fisheye": false,
      "camera_angle_x": 1.034542382617088,
      "camera_angle_y": 0.6194622189855721,
      "fovx": 59.274912251367525,
      "fovy": 35.49257071568206
    },
    {
      "file_path": "/home/doan/VA_0223/20250411_Final/Reconstruction_3D/data/processed_images/xe_F1_khan/frame_0033.png",
      "sharpness": 127.1162282986111,
      "transform_matrix": [
        [
          -0.19713782035049243,
          0.7073486993093038,
          -0.6788184569174973,
          -2.5693153208185104
        ],
        [
          -0.9772110962194561,
          -0.08618759136569917,
          0.19398498014079507,
          0.7743892793131207
        ],
        [
          0.0787092956118328,
          0.7015907045840369,
          0.7082198317645441,
          2.825397254258828
        ],
        [
          0.0,
          0.0,
          0.0,
          1.0
        ]
      ],
      "w": 1280.0,
      "h": 720.0,
      "fl_x": 1124.9491439647975,
      "fl_y": 1124.9491439647975,
      "k1": 0.05651315021324967,
      "k2": 0,
      "k3": 0,
      "k4": 0,
      "p1": 0,
      "p2": 0,
      "cx": 640.0,
      "cy": 360.0,
      "is_fisheye": false,
      "camera_angle_x": 1.0344978389397683,
      "camera_angle_y": 0.61943213420445,
      "fovx": 59.272360086653116,
      "fovy": 35.49084698469619
    },
    {
      "file_path": "/home/doan/VA_0223/20250411_Final/Reconstruction_3D/data/processed_images/xe_F1_khan/frame_0034.png",
      "sharpness": 122.55847005208334,
      "transform_matrix": [
        [
          -0.107316513040791,
          0.7124194321569873,
          -0.693499617009873,
          -2.5372866907974556
        ],
        [
          -0.9919815834226303,
          -0.02989377249168481,
          0.12279617468236718,
          0.4771056784382575
        ],
        [
          0.06675106126429854,
          0.7011169054661013,
          0.7099150517975821,
          2.7866530062769383
        ],
        [
          0.0,
          0.0,
          0.0,
          1.0
        ]
      ],
      "w": 1280.0,
      "h": 720.0,
      "fl_x": 1127.6146226087146,
      "fl_y": 1127.6146226087146,
      "k1": 0.057136145024845285,
      "k2": 0,
      "k3": 0,
      "k4": 0,
      "p1": 0,
      "p2": 0,
      "cx": 640.0,
      "cy": 360.0,
      "is_fisheye": false,
      "camera_angle_x": 1.0324647104143605,
      "camera_angle_y": 0.6180594628469692,
      "fovx": 59.15587040293959,
      "fovy": 35.41219870925404
    },
    {
      "file_path": "/home/doan/VA_0223/20250411_Final/Reconstruction_3D/data/processed_images/xe_F1_khan/frame_0035.png",
      "sharpness": 98.39983072916667,
      "transform_matrix": [
        [
          -0.016839499073224216,
          0.7126180331861982,
          -0.7013501052454162,
          -2.610939103539431
        ],
        [
          -0.9981927240279419,
          0.028487974890027714,
          0.05291238970617621,
          0.17489405904163607
        ],
        [
          0.05768636727094664,
          0.7009735901896251,
          0.7108504125108069,
          2.9019670067918817
        ],
        [
          0.0,
          0.0,
          0.0,
          1.0
        ]
      ],
      "w": 1280.0,
      "h": 720.0,
      "fl_x": 1126.9635888282548,
      "fl_y": 1126.9635888282548,
      "k1": 0.0752947261684753,
      "k2": 0,
      "k3": 0,
      "k4": 0,
      "p1": 0,
      "p2": 0,
      "cx": 640.0,
      "cy": 360.0,
      "is_fisheye": false,
      "camera_angle_x": 1.0329606237872264,
