{
  "frames": [
    {
      "file_path": "/home/doan/VA_0223/20250411_Final/Reconstruction_3D/data/processed_images/xe_F1_khan/frame_0000.png",
      "sharpness": 206.5707834201389,
      "transform_matrix": [
        [
          0.006442765170888333,
          -0.657551253646334,
          0.7533822666375772,
          2.757232889622988
        ],
        [
          0.9999299761476702,
          0.01171501779669737,
          0.001673666437926098,
          0.09758232025926583
        ],
        [
          -0.009926408125819523,
          0.7533187288691564,
          0.6575806864830862,
          2.330028902439712
        ],
        [
          0.0,
          0.0,
          0.0,
          1.0
        ]
      ],
      "w": 1280.0,
      "h": 720.0,
      "fl_x": 1155.3854798740033,
      "fl_y": 1155.3854798740033,
      "k1": 0.01695109088883655,
      "k2": 0,
      "k3": 0,
      "k4": 0,
      "p1": 0,
      "p2": 0,
      "cx": 640.0,
      "cy": 360.0,
      "is_fisheye": false,
      "camera_angle_x": 1.0117074064287146,
      "camera_angle_y": 0.6041008759074207,
      "fovx": 57.966564490492,
      "fovy": 34.61243058965148
    },
    {
      "file_path": "/home/doan/VA_0223/20250411_Final/Reconstruction_3D/data/processed_images/xe_F1_khan/frame_0004.png",
      "sharpness": 129.2414453125,
      "transform_matrix": [
        [
          -0.1879494363766831,
          -0.6269510147541293,
          0.7560472435921849,
          2.8594413476692098
        ],
        [
          0.9821403772573841,
          -0.11316810977406355,
          0.15031053952032558,
          0.69349314695311
        ],
        [
          -0.008676907823290236,
          0.7707953062303543,
          0.6370237886003701,
          2.401410735494773
        ],
        [
          0.0,
          0.0,
          0.0,
          1.0
        ]
      ],
      "w": 1280.0,
      "h": 720.0,
      "fl_x": 1150.1921034302677,
      "fl_y": 1150.1921034302677,
      "k1": 0.02467165295408957,
      "k2": 0,
      "k3": 0,
      "k4": 0,
      "p1": 0,
      "p2": 0,
      "cx": 640.0,
      "cy": 360.0,
      "is_fisheye": false,
      "camera_angle_x": 1.015531079375092,
      "camera_angle_y": 0.6066645988288382,
      "fovx": 58.185644812557776,
      "fovy": 34.75932109288965
    },
    {
      "file_path": "/home/doan/VA_0223/20250411_Final/Reconstruction_3D/data/processed_images/xe_F1_khan/frame_0002.png",
      "sharpness": 164.27485460069445,
      "transform_matrix": [
        [
          -0.05684487135331298,
          -0.6505731818151177,
          0.7573131424864255,
          2.8048834874894895
        ],
        [
          0.998359966573106,
          -0.031885676446710746,
          0.04754661693207237,
          0.20655203410761372
        ],
        [
          -0.006785112031878953,
          0.7587739049409106,
          0.6513187572259267,
          2.36169780056287
        ],
        [
          0.0,
          0.0,
          0.0,
          1.0
        ]
      ],
      "w": 1280.0,
      "h": 720.0,
      "fl_x": 1157.722201569456,
      "fl_y": 1157.722201569456,
      "k1": 0.016415267015261286,
      "k2": 0,
      "k3": 0,
      "k4": 0,
      "p1": 0,
      "p2": 0,
      "cx": 640.0,
      "cy": 360.0,
      "is_fisheye": false,
      "camera_angle_x": 1.00999553793037,
      "camera_angle_y": 0.602954187144605,
      "fovx": 57.86848165045546,
      "fovy": 34.546730163127066
    },
    {
      "file_path": "/home/doan/VA_0223/20250411_Final/Reconstruction_3D/data/processed_images/xe_F1_khan/frame_0003.png",
      "sharpness": 133.43725694444444,
      "transform_matrix": [
        [
          -0.11322837548573447,
          -0.6407181388720574,
          0.7593810648048017,
          2.816289334468179
        ],
        [
          0.9935493706864861,
          -0.06821273051302264,
          0.0905906805606835,
          0.380643249781973
        ],
        [
          -0.0062436363177720625,
          0.7647400146420779,
          0.6443087203271851,
          2.374087578503793
        ],
        [
          0.0,
          0.0,
          0.0,
          1.0
        ]
      ],
      "w": 1280.0,
      "h": 720.0,
      "fl_x": 1154.021280603824,
      "fl_y": 1154.021280603824,
      "k1": 0.01974767604991185,
      "k2": 0,
      "k3": 0,
      "k4": 0,
      "p1": 0,
      "p2": 0,
      "cx": 640.0,
      "cy": 360.0,
      "is_fisheye": false,
      "camera_angle_x": 1.0127092627690102,
      "camera_angle_y": 0.604772279942863,
      "fovx": 58.02396663046936,
      "fovy": 34.650899207230374
    },
    {
      "file_path": "/home/doan/VA_0223/20250411_Final/Reconstruction_3D/data/processed_images/xe_F1_khan/frame_0006.png",
      "sharpness": 113.68240668402778,
      "transform_matrix": [
        [
          -0.3560637357187314,
          -0.5756756517732433,
          0.7360816260037735,
          2.728424188912954
        ],
        [
          0.9344509207763915,
          -0.223129276824351,
          0.2775154094532395,
          1.2483354171438628
        ],
        [
          0.004482496679802373,
          0.7866453265952434,
          0.6173888867223536,
          2.351968333082736
        ],
        [
          0.0,
          0.0,
          0.0,
          1.0
        ]
      ],
      "w": 1280.0,
      "h": 720.0,
      "fl_x": 1161.6856994131476,
      "fl_y": 1161.6856994131476,
      "k1": 0.013707477388982425,
      "k2": 0,
      "k3": 0,
      "k4": 0,
      "p1": 0,
      "p2": 0,
      "cx": 640.0,
      "cy": 360.0,
      "is_fisheye": false,
      "camera_angle_x": 1.0071039752401902,
      "camera_angle_y": 0.6010188195565956,
      "fovx": 57.702807312110664,
      "fovy": 34.43584176852771
    },
    {
      "file_path": "/home/doan/VA_0223/20250411_Final/Reconstruction_3D/data/processed_images/xe_F1_khan/frame_0008.png",
      "sharpness": 137.97185546875,
      "transform_matrix": [
        [
          -0.544995297839878,
          -0.498079426585247,
          0.6744605327399227,
          2.5066630680603463
        ],
        [
          0.8382137439022781,
          -0.3423201102436314,
          0.424516974520592,
          1.822122398261376
        ],
        [
          0.019438232677588443,
          0.7967018432291895,
          0.6040598713575275,
          2.3737174249991715
        ],
        [
          0.0,
          0.0,
          0.0,
          1.0
        ]
      ],
      "w": 1280.0,
      "h": 720.0,
      "fl_x": 1147.1965713624234,
      "fl_y": 1147.1965713624234,
      "k1": 0.03558651538353723,
      "k2": 0,
      "k3": 0,
      "k4": 0,
      "p1": 0,
      "p2": 0,
      "cx": 640.0,
      "cy": 360.0,
      "is_fisheye": false,
      "camera_angle_x": 1.0177485840744045,
      "camera_angle_y": 0.6081529626360644,
      "fovx": 58.31269847287881,
      "fovy": 34.84459805742374
    },
    {
      "file_path": "/home/doan/VA_0223/20250411_Final/Reconstruction_3D/data/processed_images/xe_F1_khan/frame_0011.png",
      "sharpness": 109.62595811452853,
      "transform_matrix": [
        [
          -0.7921669392153549,
          -0.3240198494421563,
          0.5171872752306897,
          2.0417276255269994
        ],
        [
          0.6074293977771035,
          -0.5007510772550166,
          0.6166667538825881,
          2.624660206180214
        ],
        [
          0.05916981646533498,
          0.8026577700703971,
          0.5934976301923748,
          2.4382690098351616
        ],
        [
          0.0,
          0.0,
          0.0,
          1.0
        ]
      ],
      "w": 1280.0,
      "h": 720.0,
      "fl_x": 1164.4612217530848,
      "fl_y": 1164.4612217530848,
      "k1": 0.03154279665199649,
      "k2": 0,
      "k3": 0,
      "k4": 0,
      "p1": 0,
      "p2": 0,
      "cx": 640.0,
      "cy": 360.0,
      "is_fisheye": false,
      "camera_angle_x": 1.0050880920809084,
      "camera_angle_y": 0.599670695275173,
      "fovx": 57.58730571509231,
      "fovy": 34.358599936943094
    },
    {
      "file_path": "/home/doan/VA_0223/20250411_Final/Reconstruction_3D/data/processed_images/xe_F1_khan/frame_0010.png",
      "sharpness": 132.38952039930555,
      "transform_matrix": [
        [
          -0.7163287368088216,
          -0.38811068147312505,
          0.5798648461729945,
          2.3044642949564484
        ],
        [
          0.6960254139801257,
          -0.45605588906532113,
          0.5545824096945704,
          2.2753045104029885
        ],
        [
          0.049211420999583075,
          0.8008639866029847,
          0.5968208366708261,
          2.4503033425108742
        ],
        [
          0.0,
          0.0,
          0.0,
          1.0
        ]
      ],
      "w": 1280.0,
      "h": 720.0,
      "fl_x": 1143.7001298741395,
      "fl_y": 1143.7001298741395,
      "k1": 0.05444571028140416,
      "k2": 0,
      "k3": 0,
      "k4": 0,
      "p1": 0,
      "p2": 0,
      "cx": 640.0,
      "cy": 360.0,
      "is_fisheye": false,
      "camera_angle_x": 1.0203480935730365,
      "camera_angle_y": 0.6098991834311143,
      "fovx": 58.461639395954585,
      "fovy": 34.944649139078074
    },
    {
      "file_path": "/home/doan/VA_0223/20250411_Final/Reconstruction_3D/data/processed_images/xe_F1_khan/frame_0009.png",
      "sharpness": 143.39898871527777,
      "transform_matrix": [
        [
          -0.6310191682063412,
          -0.4474219503455703,
          0.633741593856699,
          2.4416753965846563
        ],
        [
          0.7749082967325712,
          -0.40196777676950574,
          0.4877899528424185,
          2.0799569864868017
        ],
        [
          0.03649576746921176,
          0.7988964293661129,
          0.6003603536058968,
          2.428530033471005
        ],
        [
          0.0,
          0.0,
          0.0,
          1.0
        ]
      ],
      "w": 1280.0,
      "h": 720.0,
      "fl_x": 1157.7080958609304,
      "fl_y": 1157.7080958609304,
      "k1": 0.03158377420062117,
      "k2": 0,
      "k3": 0,
      "k4": 0,
      "p1": 0,
      "p2": 0,
      "cx": 640.0,
      "cy": 360.0,
      "is_fisheye": false,
      "camera_angle_x": 1.0100058558124603,
      "camera_angle_y": 0.6029610965125727,
      "fovx": 57.86907282155274,
      "fovy": 34.54712604075071
    },
    {
      "file_path": "/home/doan/VA_0223/20250411_Final/Reconstruction_3D/data/processed_images/xe_F1_khan/frame_0001.png",
      "sharpness": 173.1437521701389,
      "transform_matrix": [
        [
          -0.018438032917415432,
          -0.6562959528947607,
          0.7542782386062721,
          2.7519677073094733
        ],
        [
          0.9997937914930269,
          -0.005681630232367386,
          0.019495988559268027,
          0.12027665764765502
        ],
        [
          -0.008509608345047947,
          0.7544821676956602,
          0.6562653771714309,
          2.3200890404631056
        ],
        [
          0.0,
          0.0,
          0.0,
          1.0
        ]
      ],
      "w": 1280.0,
      "h": 720.0,
      "fl_x": 1152.7679386628945,
      "fl_y": 1152.7679386628945,
      "k1": 0.011829594575978309,
      "k2": 0,
      "k3": 0,
      "k4": 0,
      "p1": 0,
      "p2": 0,
      "cx": 640.0,
      "cy": 360.0,
      "is_fisheye": false,
      "camera_angle_x": 1.0136313044370924,
      "camera_angle_y": 0.6053904007659291,
      "fovx": 58.07679572658567,
      "fovy": 34.68631492162122
    },
    {
      "file_path": "/home/doan/VA_0223/20250411_Final/Reconstruction_3D/data/processed_images/xe_F1_khan/frame_0007.png",
      "sharpness": 113.61946831597223,
      "transform_matrix": [
        [
          -0.4530756345336195,
          -0.5404129068390481,
          0.7089967274907655,
          2.566503534597431
        ],
        [
          0.8914254889418176,
          -0.2827723677296959,
          0.35411916880251737,
          1.4604096516973912
        ],
        [
          0.009114113965173634,
          0.7924605215673226,
          0.6098551096471734,
          2.2950894127950607
        ],
        [
          0.0,
          0.0,
          0.0,
          1.0
        ]
      ],
      "w": 1280.0,
      "h": 720.0,
      "fl_x": 1150.5615476463884,
      "fl_y": 1150.5615476463884,
      "k1": 0.02527415052828454,
      "k2": 0,
      "k3": 0,
      "k4": 0,
      "p1": 0,
      "p2": 0,
      "cx": 640.0,
      "cy": 360.0,
      "is_fisheye": false,
      "camera_angle_x": 1.0152582013304028,
      "camera_angle_y": 0.6064815252488684,
      "fovx": 58.1700100522753,
      "fovy": 34.748831749417036
    },
    {
      "file_path": "/home/doan/VA_0223/20250411_Final/Reconstruction_3D/data/processed_images/xe_F1_khan/frame_0005.png",
      "sharpness": 114.94754991319445,
      "transform_matrix": [
        [
          -0.2694434904150264,
          -0.6028634863759368,
          0.7509699210664196,
          2.8760351036925615
        ],
        [
          0.9630063248801061,
          -0.16514233132889966,
          0.21294794820371005,
          0.9921448223198588
        ],
        [
          -0.004361618947902779,
          0.780566222222402,
          0.6250578765878324,
          2.4162704053865385
        ],
        [
          0.0,
          0.0,
          0.0,
          1.0
        ]
      ],
      "w": 1280.0,
      "h": 720.0,
      "fl_x": 1161.7202809420266,
      "fl_y": 1161.7202809420266,
      "k1": 0.02842046816716841,
      "k2": 0,
      "k3": 0,
      "k4": 0,
      "p1": 0,
      "p2": 0,
      "cx": 640.0,
      "cy": 360.0,
      "is_fisheye": false,
      "camera_angle_x": 1.007078812939981,
      "camera_angle_y": 0.6010019864861145,
      "fovx": 57.70136561850583,
      "fovy": 34.4348773046329
    },
    {
      "file_path": "/home/doan/VA_0223/20250411_Final/Reconstruction_3D/data/processed_images/xe_F1_khan/frame_0012.png",
      "sharpness": 98.52343098958333,
      "transform_matrix": [
        [
          -0.8492761827937854,
          -0.25918668106205206,
          0.45994807291491163,
          1.6638542373639258
        ],
        [
          0.5226072375904053,
          -0.5363326606913816,
          0.6627435041506115,
          2.8106178700553723
        ],
        [
          0.07491088449009671,
          0.803224465197501,
          0.5909473901896757,
          2.500886720586884
        ],
        [
          0.0,
          0.0,
          0.0,
          1.0
        ]
      ],
      "w": 1280.0,
      "h": 720.0,
      "fl_x": 1123.082605678674,
      "fl_y": 1123.082605678674,
      "k1": 0.0676857422867329,
      "k2": 0,
      "k3": 0,
      "k4": 0,
      "p1": 0,
      "p2": 0,
      "cx": 640.0,
      "cy": 360.0,
      "is_fisheye": false,
      "camera_angle_x": 1.0359259041845088,
      "camera_angle_y": 0.6203968844034232,
      "fovx": 59.35418219804606,
      "fovy": 35.54612309938176
    },
    {
      "file_path": "/home/doan/VA_0223/20250411_Final/Reconstruction_3D/data/processed_images/xe_F1_khan/frame_0013.png",
      "sharpness": 121.87094618055555,
      "transform_matrix": [
        [
          -0.8949155935811909,
          -0.19581568268942326,
          0.4009766811885525,
          1.35957176399283
        ],
        [
          0.43766057251379303,
          -0.5604674843682725,
          0.7030856435974223,
          3.1148253110699313
        ],
        [
          0.08705919650592489,
          0.8046939899320635,
          0.5872718952494217,
          2.569115430620069
        ],
        [
          0.0,
          0.0,
          0.0,
          1.0
        ]
      ],
      "w": 1280.0,
      "h": 720.0,
      "fl_x": 1133.0042884882507,
      "fl_y": 1133.0042884882507,
      "k1": 0.058624154871390555,
      "k2": 0,
      "k3": 0,
      "k4": 0,
      "p1": 0,
      "p2": 0,
      "cx": 640.0,
      "cy": 360.0,
      "is_fisheye": false,
      "camera_angle_x": 1.0283758089240447,
      "camera_angle_y": 0.6153018033280353,
      "fovx": 58.921593604699744,
      "fovy": 35.25419645748505
    },
    {
      "file_path": "/home/doan/VA_0223/20250411_Final/Reconstruction_3D/data/processed_images/xe_F1_khan/frame_0019.png",
      "sharpness": 151.04465060763889,
      "transform_matrix": [
        [
          -0.9928521126370426,
          0.098929380400086,
          0.06676571129481247,
          0.09279043085690214
        ],
        [
          -0.007415885365121126,
          -0.6094602688499623,
          0.7927819279837209,
          3.2926030784657616
        ],
        [
          0.11912047328351041,
          0.7866200851978221,
          0.6058375644403146,
          2.5701900216060745
        ],
        [
          0.0,
          0.0,
          0.0,
          1.0
        ]
      ],
      "w": 1280.0,
      "h": 720.0,
      "fl_x": 1136.5041261764222,
      "fl_y": 1136.5041261764222,
      "k1": 0.08103050771121963,
      "k2": 0,
      "k3": 0,
      "k4": 0,
      "p1": 0,
      "p2": 0,
      "cx": 640.0,
      "cy": 360.0,
      "is_fisheye": false,
      "camera_angle_x": 1.0257363907126016,
      "camera_angle_y": 0.6135238125057114,
      "fovx": 58.77036608081408,
      "fovy": 35.1523250873529
    },
    {
      "file_path": "/home/doan/VA_0223/20250411_Final/Reconstruction_3D/data/processed_images/xe_F1_khan/frame_0017.png",
      "sharpness": 114.3404275173611,
      "transform_matrix": [
        [
          -0.9842861359872986,
          0.006242571191856747,
          0.17647048729743336,
          0.5659833147669616
        ],
        [
          0.13705033186860194,
          -0.6031673383212051,
          0.7857521037307004,
          3.321327333711251
        ],
        [
          0.11134634756212909,
          0.7975902408741095,
          0.5928337023363656,
          2.4770346202024736
        ],
        [
          0.0,
          0.0,
          0.0,
          1.0
        ]
      ],
      "w": 1280.0,
      "h": 720.0,
      "fl_x": 1136.0703833055106,
      "fl_y": 1136.0703833055106,
      "k1": 0.056326880885873266,
      "k2": 0,
      "k3": 0,
      "k4": 0,
      "p1": 0,
      "p2": 0,
      "cx": 640.0,
      "cy": 360.0,
      "is_fisheye": false,
      "camera_angle_x": 1.0260628298137664,
      "camera_angle_y": 0.6137436225752748,
      "fovx": 58.78906966357887,
      "fovy": 35.16491927663336
    },
    {
      "file_path": "/home/doan/VA_0223/20250411_Final/Reconstruction_3D/data/processed_images/xe_F1_khan/frame_0021.png",
      "sharpness": 151.93167100694444,
      "transform_matrix": [
        [
          -0.9747488471256571,
          0.21093282377399175,
          -0.07329412637324977,
          -0.32574518805908653
        ],
        [
          -0.1881698232401159,
          -0.5991478446180342,
          0.7782120391714262,
          3.247239012285493
        ],
        [
          0.1202364450776508,
          0.7723530308058483,
          0.6237098629643422,
          2.639186246796887
        ],
        [
          0.0,
          0.0,
          0.0,
          1.0
        ]
      ],
      "w": 1280.0,
      "h": 720.0,
      "fl_x": 1127.935860737441,
      "fl_y": 1127.935860737441,
      "k1": 0.08200780448804577,
      "k2": 0,
      "k3": 0,
      "k4": 0,
      "p1": 0,
      "p2": 0,
      "cx": 640.0,
      "cy": 360.0,
      "is_fisheye": false,
      "camera_angle_x": 1.0322201725407687,
      "camera_angle_y": 0.6178944287742586,
      "fovx": 59.14185941485167,
      "fovy": 35.402742953411874
    },
    {
      "file_path": "/home/doan/VA_0223/20250411_Final/Reconstruction_3D/data/processed_images/xe_F1_khan/frame_0018.png",
      "sharpness": 91.58382161458333,
      "transform_matrix": [
        [
          -0.9911772113070144,
          0.05009951989454001,
          0.12271012171321685,
          0.31237222970015277
        ],
        [
          0.06731972236493955,
          -0.6072167658943523,
          0.7916791358861957,
          3.3103107111292673
        ],
        [
          0.11417438786762472,
          0.7929551294827283,
          0.5984867349081113,
          2.5608965742009793
        ],
        [
          0.0,
          0.0,
          0.0,
          1.0
        ]
      ],
      "w": 1280.0,
      "h": 720.0,
      "fl_x": 1133.5760884558065,
      "fl_y": 1133.5760884558065,
      "k1": 0.07187843224298007,
      "k2": 0,
      "k3": 0,
      "k4": 0,
      "p1": 0,
      "p2": 0,
      "cx": 640.0,
      "cy": 360.0,
      "is_fisheye": false,
      "camera_angle_x": 1.0279437386567514,
      "camera_angle_y": 0.615010635342909,
      "fovx": 58.896837801930744,
      "fovy": 35.23751376080799
    },
    {
      "file_path": "/home/doan/VA_0223/20250411_Final/Reconstruction_3D/data/processed_images/xe_F1_khan/frame_0015.png",
      "sharpness": 136.46832899305556,
      "transform_matrix": [
        [
          -0.9536544265724748,
          -0.08414770090254721,
          0.2888985967263011,
          1.0298667937739379
        ],
        [
          0.2815512534682468,
          -0.5882970585872637,
          0.7580471374050795,
          3.276434388602315
        ],
        [
          0.1061702708956763,
          0.8042547701704545,
          0.584723984726894,
          2.4910730470400133
        ],
        [
          0.0,
          0.0,
          0.0,
          1.0
        ]
      ],
      "w": 1280.0,
      "h": 720.0,
      "fl_x": 1125.6560874645938,
      "fl_y": 1125.6560874645938,
      "k1": 0.052288764529178786,
      "k2": 0,
      "k3": 0,
      "k4": 0,
      "p1": 0,
      "p2": 0,
      "cx": 640.0,
      "cy": 360.0,
      "is_fisheye": false,
      "camera_angle_x": 1.0339578995054142,
      "camera_angle_y": 0.6190674969235851,
      "fovx": 59.24142383587194,
      "fovy": 35.469954807449504
    },
    {
      "file_path": "/home/doan/VA_0223/20250411_Final/Reconstruction_3D/data/processed_images/xe_F1_khan/frame_0014.png",
      "sharpness": 136.32223307291667,
      "transform_matrix": [
        [
          -0.9293202467062502,
          -0.13702272222208614,
          0.34291201894300705,
          1.1770875775520895
        ],
        [
          0.3563010238954898,
          -0.5766996669871506,
          0.7351646580650745,
          3.29603786568866
        ],
        [
          0.09702298440077789,
          0.8053833048582143,
          0.5847600130245876,
          2.538534943140199
        ],
        [
          0.0,
          0.0,
          0.0,
          1.0
        ]
      ],
      "w": 1280.0,
      "h": 720.0,
      "fl_x": 1139.329633876943,
      "fl_y": 1139.329633876943,
      "k1": 0.0445750115634525,
      "k2": 0,
      "k3": 0,
      "k4": 0,
      "p1": 0,
      "p2": 0,
      "cx": 640.0,
      "cy": 360.0,
      "is_fisheye": false,
      "camera_angle_x": 1.0236145082902206,
      "camera_angle_y": 0.6120956394165252,
      "fovx": 58.64879117338865,
      "fovy": 35.070496796928374
    },
    {
      "file_path": "/home/doan/VA_0223/20250411_Final/Reconstruction_3D/data/processed_images/xe_F1_khan/frame_0016.png",
      "sharpness": 90.3644140625,
      "transform_matrix": [
        [
          -0.9717670642078017,
          -0.03746437198141279,
          0.23294890820064879,
          0.7948400904689353
        ],
        [
          0.2090985373666179,
          -0.5941209023193232,
          0.7767227015469654,
          3.3188475160923807
        ],
        [
          0.10930038731730732,
          0.8035028153717537,
          0.5851808704160115,
          2.4497883947731225
        ],
        [
          0.0,
          0.0,
          0.0,
          1.0
        ]
      ],
      "w": 1280.0,
      "h": 720.0,
      "fl_x": 1137.8099733939966,
      "fl_y": 1137.8099733939966,
      "k1": 0.06434587105611157,
      "k2": 0,
      "k3": 0,
      "k4": 0,
      "p1": 0,
      "p2": 0,
      "cx": 640.0,
      "cy": 360.0,
      "is_fisheye": false,
      "camera_angle_x": 1.0247547386031366,
      "camera_angle_y": 0.6128629613360893,
      "fovx": 58.714121557991625,
      "fovy": 35.114461104447265
    },
    {
      "file_path": "/home/doan/VA_0223/20250411_Final/Reconstruction_3D/data/processed_images/xe_F1_khan/frame_0020.png",
      "sharpness": 143.05050998263889,
      "transform_matrix": [
        [
          -0.9882867403937251,
          0.1525896093343016,
          -0.0023937343287744692,
          -0.0686356772361877
        ],
        [
          -0.09554124503975671,
          -0.6064145594771224,
          0.7893878973929249,
          3.282661402128935
        ],
        [
          0.11900079552792325,
          0.7803702923787759,
          0.6138900695688716,
          2.641260984145963
        ],
        [
          0.0,
          0.0,
          0.0,
          1.0
        ]
      ],
      "w": 1280.0,
      "h": 720.0,
      "fl_x": 1131.0323872466704,
      "fl_y": 1131.0323872466704,
      "k1": 0.07436590839687102,
      "k2": 0,
      "k3": 0,
      "k4": 0,
      "p1": 0,
      "p2": 0,
      "cx": 640.0,
      "cy": 360.0,
      "is_fisheye": false,
      "camera_angle_x": 1.0298683794636214,
      "camera_angle_y": 0.6163079718828472,
      "fovx": 59.00711159724305,
      "fovy": 35.31184566915456
    },
    {
      "file_path": "/home/doan/VA_0223/20250411_Final/Reconstruction_3D/data/processed_images/xe_F1_khan/frame_0022.png",
      "sharpness": 121.78007378472222,
      "transform_matrix": [
        [
          -0.9517747371461336,
          0.2722010119109418,
          -0.14153253662657775,
          -0.6534498244690182
        ],
        [
          -0.28016408881470817,
          -0.5831317298576195,
          0.7625388311239548,
          3.1884381381602385
        ],
        [
          0.1250317285391341,
          0.7654175297183415,
          0.6312709973832764,
          2.7199663186323626
        ],
        [
          0.0,
          0.0,
          0.0,
          1.0
        ]
      ],
      "w": 1280.0,
      "h": 720.0,
      "fl_x": 1130.7250152688941,
      "fl_y": 1130.7250152688941,
      "k1": 0.08138537238360549,
      "k2": 0,
      "k3": 0,
      "k4": 0,
      "p1": 0,
      "p2": 0,
      "cx": 640.0,
      "cy": 360.0,
      "is_fisheye": false,
      "camera_angle_x": 1.0301013905675682,
      "camera_angle_y": 0.6164650964315989,
      "fovx": 59.020462150078885,
      "fovy": 35.32084824265592
    },
    {
      "file_path": "/home/doan/VA_0223/20250411_Final/Reconstruction_3D/data/processed_images/xe_F1_khan/frame_0023.png",
      "sharpness": 106.91240668402777,
      "transform_matrix": [
        [
          -0.9181664310810655,
          0.33149489519782027,
          -0.21698280893317434,
          -1.0362840660028112
        ],
        [
          -0.376650259144303,
          -0.5604393729890792,
          0.7375922257522369,
          3.1488087677828798
        ],
        [
          0.1229023481865474,
          0.7589590527266106,
          0.6394342571159661,
          2.8208440805545485
        ],
        [
          0.0,
          0.0,
          0.0,
          1.0
        ]
      ],
      "w": 1280.0,
      "h": 720.0,
      "fl_x": 1138.1628061543086,
      "fl_y": 1138.1628061543086,
      "k1": 0.047580079293662196,
      "k2": 0,
      "k3": 0,
      "k4": 0,
      "p1": 0,
      "p2": 0,
      "cx": 640.0,
      "cy": 360.0,
      "is_fisheye": false,
      "camera_angle_x": 1.0244897952214853,
      "camera_angle_y": 0.6126846395124471,
      "fovx": 58.698941420413085,
      "fovy": 35.104244016557494
    },
    {
      "file_path": "/home/doan/VA_0223/20250411_Final/Reconstruction_3D/data/processed_images/xe_F1_khan/frame_0024.png",
      "sharpness": 96.85414713541667,
      "transform_matrix": [
        [
          -0.8757560799105607,
          0.3898996546776901,
          -0.28465689498199676,
          -1.3398621337140195
        ],
        [
          -0.46661303503893603,
          -0.5324624787327904,
          0.7062265813982701,
          3.100255747795873
        ],
        [
          0.1237883843208976,
          0.7513068401662951,
          0.6482395143042792,
          2.793898463599122
        ],
        [
          0.0,
          0.0,
          0.0,
          1.0
        ]
      ],
      "w": 1280.0,
      "h": 720.0,
      "fl_x": 1155.2714848869427,
      "fl_y": 1155.2714848869427,
      "k1": 0.036922855055701,
      "k2": 0,
      "k3": 0,
      "k4": 0,
      "p1": 0,
      "p2": 0,
      "cx": 640.0,
      "cy": 360.0,
      "is_fisheye": false,
      "camera_angle_x": 1.0117910540612343,
      "camera_angle_y": 0.6041569243184425,
      "fovx": 57.97135714680164,
      "fovy": 34.61564192705144
    },
    {
      "file_path": "/home/doan/VA_0223/20250411_Final/Reconstruction_3D/data/processed_images/xe_F1_khan/frame_0025.png",
      "sharpness": 137.46629221103686,
      "transform_matrix": [
        [
          -0.8262602773134372,
          0.44481696296725676,
          -0.34558909657191716,
          -1.4241205196090987
        ],
        [
          -0.5492089012660416,
          -0.4998563276042623,
          0.6697113068510415,
          2.8957242260419465
        ],
        [
          0.12515405290579984,
          0.7431564581364729,
          0.657308863358919,
          2.701501524196953
        ],
        [
          0.0,
          0.0,
          0.0,
          1.0
        ]
      ],
      "w": 1280.0,
      "h": 720.0,
      "fl_x": 1153.710548780086,
      "fl_y": 1153.710548780086,
      "k1": 0.028517069806397836,
      "k2": 0,
      "k3": 0,
      "k4": 0,
      "p1": 0,
      "p2": 0,
      "cx": 640.0,
      "cy": 360.0,
      "is_fisheye": false,
      "camera_angle_x": 1.012937714947078,
      "camera_angle_y": 0.6049254119849407,
      "fovx": 58.03705597609321,
      "fovy": 34.65967302694965
    },
    {
      "file_path": "/home/doan/VA_0223/20250411_Final/Reconstruction_3D/data/processed_images/xe_F1_khan/frame_0030.png",
      "sharpness": 129.79907986111112,
      "transform_matrix": [
        [
          -0.45984596788804477,
          0.6582104595403337,
          -0.5960710333909004,
          -2.3032036706633288
        ],
        [
          -0.8820037827222419,
          -0.260683402090595,
          0.39257291187514737,
          1.6067567827968072
        ],
        [
          0.10300977185643115,
          0.7062599768497853,
          0.7004183264886176,
          2.945682257780413
        ],
        [
          0.0,
          0.0,
          0.0,
          1.0
        ]
      ],
      "w": 1280.0,
      "h": 720.0,
      "fl_x": 1125.0128961235248,
      "fl_y": 1125.0128961235248,
      "k1": 0.0686815203839342,
      "k2": 0,
      "k3": 0,
      "k4": 0,
      "p1": 0,
      "p2": 0,
      "cx": 640.0,
      "cy": 360.0,
      "is_fisheye": false,
      "camera_angle_x": 1.0344491261737456,
      "camera_angle_y": 0.619399234163744,
      "fovx": 59.269569050751606,
      "fovy": 35.488961951217924
    },
    {
      "file_path": "/home/doan/VA_0223/20250411_Final/Reconstruction_3D/data/processed_images/xe_F1_khan/frame_0032.png",
      "sharpness": 123.41975043402778,
      "transform_matrix": [
        [
          -0.2873214471572346,
          0.6959919922418409,
          -0.658058912877556,
          -2.64020203316885
        ],
        [
          -0.9539635934920331,
          -0.1462315211036437,
          0.26185836730470075,
          1.0089312456510913
        ],
        [
          0.08602237093969928,
          0.7030017703023519,
          0.7059664742242091,
          2.9665016562940103
        ],
        [
          0.0,
          0.0,
          0.0,
          1.0
        ]
      ],
      "w": 1280.0,
      "h": 720.0,
      "fl_x": 1128.4104186629368,
      "fl_y": 1128.4104186629368,
      "k1": 0.075677711581123,
      "k2": 0,
      "k3": 0,
      "k4": 0,
      "p1": 0,
      "p2": 0,
      "cx": 640.0,
      "cy": 360.0,
      "is_fisheye": false,
      "camera_angle_x": 1.0318591149342178,
      "camera_angle_y": 0.6176507836666607,
      "fovx": 59.12117233783521,
      "fovy": 35.3887831170475
    },
    {
      "file_path": "/home/doan/VA_0223/20250411_Final/Reconstruction_3D/data/processed_images/xe_F1_khan/frame_0031.png",
      "sharpness": 122.20824869791667,
      "transform_matrix": [
        [
          -0.37254048123390526,
          0.6811846414366451,
          -0.6302389024740741,
          -2.497188371557042
        ],
        [
          -0.9231975710738483,
          -0.2029182501891721,
          0.3263899944905086,
          1.2701591596096637
        ],
        [
          0.09444487607434227,
          0.7034285095777387,
          0.7044632690037376,
          3.0271674506384123
        ],
        [
          0.0,
          0.0,
          0.0,
          1.0
        ]
      ],
      "w": 1280.0,
      "h": 720.0,
      "fl_x": 1130.6685425985127,
      "fl_y": 1130.6685425985127,
      "k1": 0.07329295180470119,
      "k2": 0,
      "k3": 0,
      "k4": 0,
      "p1": 0,
      "p2": 0,
      "cx": 640.0,
      "cy": 360.0,
      "is_fisheye": false,
      "camera_angle_x": 1.0301442115377828,
      "camera_angle_y": 0.6164939729593047,
      "fovx": 59.02291561094684,
      "fovy": 35.32250274582046
    },
    {
      "file_path": "/home/doan/VA_0223/20250411_Final/Reconstruction_3D/data/processed_images/xe_F1_khan/frame_0028.png",
      "sharpness": 98.28045138888889,
      "transform_matrix": [
        [
          -0.6304792202709925,
          0.5885883092220959,
          -0.5060234729065856,
          -1.8140811309152551
        ],
        [
          -0.7666596700243004,
          -0.3702754072453399,
          0.5245274760653924,
          2.2486378655512316
        ],
        [
          0.1213626927716757,
          0.7186514628835338,
          0.6846978689739392,
          2.8380544998050534
        ],
        [
          0.0,
          0.0,
          0.0,
          1.0
        ]
      ],
      "w": 1280.0,
      "h": 720.0,
      "fl_x": 1136.7852622273954,
      "fl_y": 1136.7852622273954,
      "k1": 0.05134002364058226,
      "k2": 0,
      "k3": 0,
      "k4": 0,
      "p1": 0,
      "p2": 0,
      "cx": 640.0,
      "cy": 360.0,
      "is_fisheye": false,
      "camera_angle_x": 1.0255249060146894,
      "camera_angle_y": 0.6133814211934375,
      "fovx": 58.75824890019211,
      "fovy": 35.14416666612028
    },
    {
      "file_path": "/home/doan/VA_0223/20250411_Final/Reconstruction_3D/data/processed_images/xe_F1_khan/frame_0033.png",
      "sharpness": 127.1162282986111,
      "transform_matrix": [
        [
          -0.20304985189893232,
          0.706761499198285,
          -0.6776864621443313,
          -2.5685123734440367
        ],
        [
          -0.9760327293334304,
          -0.09074699825640399,
          0.19780064099337252,
          0.7897658669693309
        ],
        [
          0.07829986537225751,
          0.7016075581382667,
          0.708248519606525,
          2.8290249172700936
        ],
        [
          0.0,
          0.0,
          0.0,
          1.0
        ]
      ],
      "w": 1280.0,
      "h": 720.0,
      "fl_x": 1127.1782057966489,
      "fl_y": 1127.1782057966489,
      "k1": 0.057898390720459894,
      "k2": 0,
      "k3": 0,
      "k4": 0,
      "p1": 0,
      "p2": 0,
      "cx": 640.0,
      "cy": 360.0,
      "is_fisheye": false,
      "camera_angle_x": 1.0327970952729717,
      "camera_angle_y": 0.6182838060049908,
      "fovx": 59.174914652512065,
      "fovy": 35.425052625371315
    },
    {
      "file_path": "/home/doan/VA_0223/20250411_Final/Reconstruction_3D/data/processed_images/xe_F1_khan/frame_0026.png",
      "sharpness": 112.31464192708333,
      "transform_matrix": [
        [
          -0.7690473911829167,
          0.4960581761870146,
          -0.4031034557426283,
          -1.4400176225877552
        ],
        [
          -0.6268518259268608,
          -0.46199271815741877,
          0.627391039704651,
          2.6320065348811243
        ],
        [
          0.12499159369477865,
          0.7351795796060936,
          0.6662492681532458,
          2.6511245565553825
        ],
        [
          0.0,
          0.0,
          0.0,
          1.0
        ]
      ],
      "w": 1280.0,
      "h": 720.0,
      "fl_x": 1138.885073562147,
      "fl_y": 1138.885073562147,
      "k1": 0.03925638748081008,
      "k2": 0,
      "k3": 0,
      "k4": 0,
      "p1": 0,
      "p2": 0,
      "cx": 640.0,
      "cy": 360.0,
      "is_fisheye": false,
      "camera_angle_x": 1.0239478310952097,
      "camera_angle_y": 0.6123199185363584,
      "fovx": 58.667889163329995,
      "fovy": 35.083347043927716
    },
    {
      "file_path": "/home/doan/VA_0223/20250411_Final/Reconstruction_3D/data/processed_images/xe_F1_khan/frame_0034.png",
      "sharpness": 122.55847005208334,
      "transform_matrix": [
        [
          -0.11323645539869366,
          0.712439358242662,
          -0.6925371225244239,
          -2.5340983593454487
        ],
        [
          -0.9913492204157022,
          -0.03445827140204587,
          0.12664655823655172,
          0.4910824413788503
        ],
        [
          0.0663643605497524,
          0.7008871438666732,
          0.7101781349000607,
          2.7875143515578538
        ],
        [
          0.0,
          0.0,
          0.0,
          1.0
        ]
      ],
      "w": 1280.0,
      "h": 720.0,
      "fl_x": 1128.2482686837834,
      "fl_y": 1128.2482686837834,
      "k1": 0.05821178756629418,
      "k2": 0,
      "k3": 0,
      "k4": 0,
      "p1": 0,
      "p2": 0,
      "cx": 640.0,
      "cy": 360.0,
      "is_fisheye": false,
      "camera_angle_x": 1.031982457556383,
      "camera_angle_y": 0.6177340129596725,
      "fovx": 59.128239349519355,
      "fovy": 35.39355180426893
    },
    {
      "file_path": "/home/doan/VA_0223/20250411_Final/Reconstruction_3D/data/processed_images/xe_F1_khan/frame_0029.png",
      "sharpness": 82.02731770833333,
      "transform_matrix": [
        [
          -0.5467022896962866,
          0.6256307925352743,
          -0.5565094050880076,
          -2.0884332830013577
        ],
        [
          -0.8298915208005133,
          -0.31647944706558084,
          0.4594788605458122,
          2.003124333945143
        ],
        [
          0.1113403348674333,
          0.7130405816557122,
          0.692225728229297,
          2.914503489450792
        ],
        [
          0.0,
          0.0,
          0.0,
          1.0
        ]
      ],
      "w": 1280.0,
      "h": 720.0,
      "fl_x": 1128.236694899545,
      "fl_y": 1128.236694899545,
      "k1": 0.06470751066632029,
      "k2": 0,
      "k3": 0,
      "k4": 0,
      "p1": 0,
      "p2": 0,
      "cx": 640.0,
      "cy": 360.0,
      "is_fisheye": false,
      "camera_angle_x": 1.031991262412261,
      "camera_angle_y": 0.6177399544497866,
      "fovx": 59.128743830600385,
      "fovy": 35.39389222657649
    },
    {
      "file_path": "/home/doan/VA_0223/20250411_Final/Reconstruction_3D/data/processed_images/xe_F1_khan/frame_0027.png",
      "sharpness": 125.15729600694445,
      "transform_matrix": [
        [
          -0.7013516727386758,
          0.5438778381193664,
          -0.4607632021202997,
          -1.607699348959237
        ],
        [
          -0.7027144619552161,
          -0.41911415135996366,
          0.5749223539651344,
          2.4645395714125886
        ],
        [
          0.11957514852650555,
          0.727007720315033,
          0.6761372335081777,
          2.66939050980723
        ],
        [
          0.0,
          0.0,
          0.0,
          1.0
        ]
      ],
      "w": 1280.0,
      "h": 720.0,
      "fl_x": 1155.3871286571284,
      "fl_y": 1155.3871286571284,
      "k1": 0.009964174744724231,
      "k2": 0,
      "k3": 0,
      "k4": 0,
      "p1": 0,
      "p2": 0,
      "cx": 640.0,
      "cy": 360.0,
      "is_fisheye": false,
      "camera_angle_x": 1.0117061966716412,
