{
  "camera_angle_x": 1.0177378834327613,
  "frames": [
    {
      "file_path": "/home/doan/VA_0223/20250411_Final/Reconstruction_3D/data/processed_images/xe_F1_khan/frame_0000.png",
      "sharpness": 206.5707834201389,
      "transform_matrix": [
        [
          -0.016496049285546335,
          -0.99985718432313,
          0.003673052598508689,
          -1.9504421944018397
        ],
        [
          0.9998422555038541,
          -0.01651976905360067,
          -0.006523905224739385,
          0.04001175620670566
        ],
        [
          0.006583651489447969,
          0.003564854532555686,
          0.9999719732798651,
          -1.812684197813383
        ],
        [
          0.0,
          0.0,
          0.0,
          1.0
        ]
      ]
    },
    {
      "file_path": "/home/doan/VA_0223/20250411_Final/Reconstruction_3D/data/processed_images/xe_F1_khan/frame_0001.png",
      "sharpness": 173.1437521701389,
      "transform_matrix": [
        [
          0.0005290154121014713,
          -0.999998974273793,
          -0.001331012417536049,
          -1.9572746501158336
        ],
        [
          0.99972324120161,
          0.0005601732009678918,
          -0.023518656580093833,
          0.0808910100185793
        ],
        [
          0.023519378053877882,
          -0.0013182023163359384,
          0.9997225120995386,
          -1.8178477812650042
        ],
        [
          0.0,
          0.0,
          0.0,
          1.0
        ]
      ]
    },
    {
      "file_path": "/home/doan/VA_0223/20250411_Final/Reconstruction_3D/data/processed_images/xe_F1_khan/frame_0002.png",
      "sharpness": 164.27485460069445,
      "transform_matrix": [
        [
          0.026801125030094363,
          -0.999614446873137,
          -0.007256534960535066,
          -1.9465696528396497
        ],
        [
          0.998318418524468,
          0.027138225455233488,
          -0.051223548822255466,
          0.08627738763152226
        ],
        [
          0.051400728904620815,
          -0.005871483769298468,
          0.9986608487101217,
          -1.8894995955772886
        ],
        [
          0.0,
          0.0,
          0.0,
          1.0
        ]
      ]
    },
    {
      "file_path": "/home/doan/VA_0223/20250411_Final/Reconstruction_3D/data/processed_images/xe_F1_khan/frame_0003.png",
      "sharpness": 133.43725694444444,
      "transform_matrix": [
        [
          0.06305483337924538,
          -0.9978321637459913,
          -0.018843061893147706,
          -1.9349540467157487
        ],
        [
          0.9935763127101558,
          0.06454125097357195,
          -0.09295449286644025,
          0.03881148505212225
        ],
        [
          0.09396913753358757,
          -0.012860789896417302,
          0.995492039784565,
          -1.948126131109351
        ],
        [
          0.0,
          0.0,
          0.0,
          1.0
        ]
      ]
    },
    {
      "file_path": "/home/doan/VA_0223/20250411_Final/Reconstruction_3D/data/processed_images/xe_F1_khan/frame_0004.png",
      "sharpness": 129.2414453125,
      "transform_matrix": [
        [
          0.10750216066822188,
          -0.9934724458177883,
          -0.03815474875406168,
          -1.968149503268034
        ],
        [
          0.982327833823093,
          0.11205395413961566,
          -0.14991977273897833,
          -0.10418601947505197
        ],
        [
          0.15321655376653598,
          -0.021363772197312808,
          0.9879616778445445,
          -2.0877672473241424
        ],
        [
          0.0,
          0.0,
          0.0,
          1.0
        ]
      ]
    },
    {
      "file_path": "/home/doan/VA_0223/20250411_Final/Reconstruction_3D/data/processed_images/xe_F1_khan/frame_0005.png",
      "sharpness": 114.94754991319445,
      "transform_matrix": [
        [
          0.15999545713109295,
          -0.9854259120510346,
          -0.0577687247202084,
          -1.9830777007491855
        ],
        [
          0.9635437954992848,
          0.16862024850083254,
          -0.20772714302745793,
          -0.19651294795360696
        ],
        [
          0.21444068609348615,
          -0.0224272970708489,
          0.9764794972214474,
          -2.1689095470189277
        ],
        [
          0.0,
          0.0,
          0.0,
          1.0
        ]
      ]
    },
    {
      "file_path": "/home/doan/VA_0223/20250411_Final/Reconstruction_3D/data/processed_images/xe_F1_khan/frame_0006.png",
      "sharpness": 113.68240668402778,
      "transform_matrix": [
        [
          0.21804680424682907,
          -0.9724335450436216,
          -0.08263529289377328,
          -1.9925362034098257
        ],
        [
          0.934584551841575,
          0.23244434943256428,
          -0.2692978645959794,
          -0.2712595287332042
        ],
        [
          0.28108238403860797,
          -0.018510129409775776,
          0.959505116449311,
          -2.107750497033101
        ],
        [
          0.0,
          0.0,
          0.0,
          1.0
        ]
      ]
    },
    {
      "file_path": "/home/doan/VA_0223/20250411_Final/Reconstruction_3D/data/processed_images/xe_F1_khan/frame_0007.png",
      "sharpness": 113.61946831597223,
      "transform_matrix": [
        [
          0.27754819546815557,
          -0.9539684286871603,
          -0.11362762102816876,
          -1.9994767270804492
        ],
        [
          0.8917012891824727,
          0.2998203602486553,
          -0.33908194061418656,
          -0.26730173536593804
        ],
        [
          0.35754134035477175,
          -0.007210315424247778,
          0.9338694776513452,
          -2.082177908347607
        ],
        [
          0.0,
          0.0,
          0.0,
          1.0
        ]
      ]
    },
    {
      "file_path": "/home/doan/VA_0223/20250411_Final/Reconstruction_3D/data/processed_images/xe_F1_khan/frame_0008.png",
      "sharpness": 137.97185546875,
      "transform_matrix": [
        [
          0.33733985053433213,
          -0.9294906474585722,
          -0.14916085789683148,
          -2.0268316931980803
        ],
        [
          0.8390071742880284,
          0.368714453995691,
          -0.40014573958481375,
          -0.3512025539780682
        ],
        [
          0.4269294868414368,
          0.009838074085092116,
          0.9042314004521208,
          -2.306294237407701
        ],
        [
          0.0,
          0.0,
          0.0,
          1.0
        ]
      ]
    },
    {
      "file_path": "/home/doan/VA_0223/20250411_Final/Reconstruction_3D/data/processed_images/xe_F1_khan/frame_0009.png",
      "sharpness": 143.39898871527777,
      "transform_matrix": [
        [
          0.39733009850451356,
          -0.8982891001860188,
          -0.18763124822210736,
          -2.0588571259379234
        ],
        [
          0.7762793015620462,
          0.4380512392092662,
          -0.45332279646358853,
          -0.3052566282712295
        ],
        [
          0.48940702772716227,
          0.034464537052146735,
          0.8713741773182436,
          -2.4360062780836245
        ],
        [
          0.0,
          0.0,
          0.0,
          1.0
        ]
      ]
    },
    {
      "file_path": "/home/doan/VA_0223/20250411_Final/Reconstruction_3D/data/processed_images/xe_F1_khan/frame_0010.png",
      "sharpness": 132.38952039930555,
      "transform_matrix": [
        [
          0.45070254158849604,
          -0.861317473883306,
          -0.23451956888274866,
          -2.068774379525889
        ],
        [
          0.6969927167999235,
          0.5036860996075025,
          -0.510393442150311,
          -0.20812843935858766
        ],
        [
          0.5577350372116959,
          0.06657719012891239,
          0.8273446114050703,
          -2.5556963083478097
        ],
        [
          0.0,
          0.0,
          0.0,
          1.0
        ]
      ]
    },
    {
      "file_path": "/home/doan/VA_0223/20250411_Final/Reconstruction_3D/data/processed_images/xe_F1_khan/frame_0011.png",
      "sharpness": 109.62595811452853,
      "transform_matrix": [
        [
          0.4967006244939968,
          -0.8200591086845892,
          -0.2842385404738607,
          -2.1614612307009318
        ],
        [
          0.6098759490413603,
          0.5627884435368803,
          -0.5579610153068363,
          -0.3106663487280251
        ],
        [
          0.6175271786797513,
          0.10378933512058318,
          0.7796716985417989,
          -2.598294248017824
        ],
        [
          0.0,
          0.0,
          0.0,
          1.0
        ]
      ]
    },
    {
      "file_path": "/home/doan/VA_0223/20250411_Final/Reconstruction_3D/data/processed_images/xe_F1_khan/frame_0012.png",
      "sharpness": 98.52343098958333,
      "transform_matrix": [
        [
          0.5295923112226772,
          -0.7784716418677462,
          -0.336918219604637,
          -2.0942584839455045
        ],
        [
          0.5229425439369725,
          0.612364252705828,
          -0.5929090299099521,
          -0.45802373601055
        ],
        [
          0.6678795397633847,
          0.13781119263604252,
          0.7313993406817381,
          -2.751669385118281
        ],
        [
          0.0,
          0.0,
          0.0,
          1.0
        ]
      ]
    },
    {
      "file_path": "/home/doan/VA_0223/20250411_Final/Reconstruction_3D/data/processed_images/xe_F1_khan/frame_0013.png",
      "sharpness": 121.87094618055555,
      "transform_matrix": [
        [
          0.5535504756940536,
          -0.7377129538208463,
          -0.3864731150077696,
          -2.1499419960792623
        ],
        [
          0.4383982636567053,
          0.6526726880919672,
          -0.6179201604103813,
          -0.6093148748796564
        ],
        [
          0.7080881536091906,
          0.17262085616670808,
          0.6846993549979434,
          -2.9177935203353536
        ],
        [
          0.0,
          0.0,
          0.0,
          1.0
        ]
      ]
    },
    {
      "file_path": "/home/doan/VA_0223/20250411_Final/Reconstruction_3D/data/processed_images/xe_F1_khan/frame_0014.png",
      "sharpness": 136.32223307291667,
      "transform_matrix": [
        [
          0.5704472867198092,
          -0.6997148934024817,
          -0.43010343061263956,
          -2.2666467348790063
        ],
        [
          0.3575479598311763,
          0.68299966083498,
          -0.6369230092561157,
          -0.5628657611527023
        ],
        [
          0.739425012759625,
          0.2095483983476278,
          0.6397969359534105,
          -3.012775575240857
        ],
        [
          0.0,
          0.0,
          0.0,
          1.0
        ]
      ]
    },
    {
      "file_path": "/home/doan/VA_0223/20250411_Final/Reconstruction_3D/data/processed_images/xe_F1_khan/frame_0015.png",
      "sharpness": 136.46832899305556,
      "transform_matrix": [
        [
          0.5801251838710244,
          -0.6647797839894518,
          -0.47066188483618243,
          -2.2860868755515003
        ],
        [
          0.2821324414428283,
          0.7060630575868541,
          -0.6495200106206214,
          -0.41974539437018143
        ],
        [
          0.7641047418542299,
          0.24401392892628215,
          0.5971609045858914,
          -3.0015775427215154
        ],
        [
          0.0,
          0.0,
          0.0,
          1.0
        ]
      ]
    },
    {
      "file_path": "/home/doan/VA_0223/20250411_Final/Reconstruction_3D/data/processed_images/xe_F1_khan/frame_0016.png",
      "sharpness": 90.3644140625,
      "transform_matrix": [
        [
          0.5884282060197983,
          -0.6325558897883904,
          -0.5036122443451306,
          -2.332790104568798
        ],
        [
          0.21065473605544127,
          0.7212844914925611,
          -0.6598282083313276,
          -0.4130414213944053
        ],
        [
          0.7806259210004074,
          0.2821732245028489,
          0.5576750333625584,
          -2.9344968499978017
        ],
        [
          0.0,
          0.0,
          0.0,
          1.0
        ]
      ]
    },
    {
      "file_path": "/home/doan/VA_0223/20250411_Final/Reconstruction_3D/data/processed_images/xe_F1_khan/frame_0017.png",
      "sharpness": 114.3404275173611,
      "transform_matrix": [
        [
          0.5972248322197018,
          -0.6001254422356046,
          -0.5321390357431681,
          -2.3274755332758574
        ],
        [
          0.13816156761018472,
          0.7305097968540024,
          -0.6687800968448598,
          -0.4120652056008436
        ],
        [
          0.7900847302762184,
          0.32589091776519935,
          0.5191928627230068,
          -2.9285006371358233
        ],
        [
          0.0,
          0.0,
          0.0,
          1.0
        ]
      ]
    },
    {
      "file_path": "/home/doan/VA_0223/20250411_Final/Reconstruction_3D/data/processed_images/xe_F1_khan/frame_0018.png",
      "sharpness": 91.58382161458333,
      "transform_matrix": [
        [
          0.6006320807118578,
          -0.5686607679785928,
          -0.5620196033785134,
          -2.2678702537584012
        ],
        [
          0.06829904536485887,
          0.736865077868356,
          -0.6725809225812988,
          -0.4592208649693343
        ],
        [
          0.7966030027698826,
          0.36558827659001725,
          0.481423792513361,
          -2.961761359611865
        ],
        [
          0.0,
          0.0,
          0.0,
          1.0
        ]
      ]
    },
    {
      "file_path": "/home/doan/VA_0223/20250411_Final/Reconstruction_3D/data/processed_images/xe_F1_khan/frame_0019.png",
      "sharpness": 151.04465060763889,
      "transform_matrix": [
        [
          0.6032327056877134,
          -0.5318112352303435,
          -0.5943796033440725,
          -2.2905014331448754
        ],
        [
          -0.006265426796549123,
          0.7420598152685667,
          -0.6703043898040933,
          -0.43946355518952906
        ],
        [
          0.7975406241789428,
          0.4080735725899891,
          0.44430272578266405,
          -2.935879187367915
        ],
        [
          0.0,
          0.0,
          0.0,
          1.0
        ]
      ]
    },
    {
      "file_path": "/home/doan/VA_0223/20250411_Final/Reconstruction_3D/data/processed_images/xe_F1_khan/frame_0020.png",
      "sharpness": 143.05050998263889,
      "transform_matrix": [
        [
          0.599382338505416,
          -0.49238863765400526,
          -0.6311055710394353,
          -2.2619833926693147
        ],
        [
          -0.0940073614794758,
          0.7396693944400006,
          -0.6663721204525519,
          -0.30960679389306206
        ],
        [
          0.7949235361186926,
          0.45874024942007835,
          0.3970566147120056,
          -3.020383866077901
        ],
        [
          0.0,
          0.0,
          0.0,
          1.0
        ]
      ]
    },
    {
      "file_path": "/home/doan/VA_0223/20250411_Final/Reconstruction_3D/data/processed_images/xe_F1_khan/frame_0021.png",
      "sharpness": 151.93167100694444,
      "transform_matrix": [
        [
          0.5920387846568195,
          -0.4477685722162791,
          -0.6700696853294221,
          -2.3151091662634635
        ],
        [
          -0.18628802356475826,
          0.732892290450062,
          -0.6543436886493198,
          -0.25940986722703085
        ],
        [
          0.784083445647472,
          0.5122227995064812,
          0.35048673858982315,
          -3.0250141072733907
        ],
        [
          0.0,
          0.0,
          0.0,
          1.0
        ]
      ]
    },
    {
      "file_path": "/home/doan/VA_0223/20250411_Final/Reconstruction_3D/data/processed_images/xe_F1_khan/frame_0022.png",
      "sharpness": 121.78007378472222,
      "transform_matrix": [
        [
          0.5757124119057342,
          -0.40358592450598085,
          -0.7111073198317783,
          -2.309368122549563
        ],
        [
          -0.2783112248803056,
          0.7210391687395046,
          -0.6345434415775395,
          -0.30352607518509067
        ],
        [
          0.7688290322843605,
          0.5632236844133041,
          0.30278870591981577,
          -3.085108378860059
        ],
        [
          0.0,
          0.0,
          0.0,
          1.0
        ]
      ]
    },
    {
      "file_path": "/home/doan/VA_0223/20250411_Final/Reconstruction_3D/data/processed_images/xe_F1_khan/frame_0023.png",
      "sharpness": 106.91240668402777,
      "transform_matrix": [
        [
          0.5539523233499553,
          -0.35926137723576845,
          -0.7510446633069471,
          -2.3417952073470065
        ],
        [
          -0.37475593347410985,
          0.6979443606959363,
          -0.61027179166228,
          -0.3581637710040957
        ],
        [
          0.7434344717465926,
          0.6195199207446033,
          0.2519925673893283,
          -3.2204187620250098
        ],
        [
          0.0,
          0.0,
          0.0,
          1.0
        ]
      ]
    },
    {
      "file_path": "/home/doan/VA_0223/20250411_Final/Reconstruction_3D/data/processed_images/xe_F1_khan/frame_0024.png",
      "sharpness": 96.85414713541667,
      "transform_matrix": [
        [
          0.527944614684805,
          -0.3138417475549129,
          -0.7891627470408059,
          -2.4809191893532354
        ],
        [
          -0.4652191355786027,
          0.6705313223744447,
          -0.5778917732640572,
          -0.3019781018752227
        ],
        [
          0.7105249043607202,
          0.6722284605745706,
          0.20799821411909425,
          -3.213037163431915
        ],
        [
          0.0,
          0.0,
          0.0,
          1.0
        ]
      ]
    },
    {
      "file_path": "/home/doan/VA_0223/20250411_Final/Reconstruction_3D/data/processed_images/xe_F1_khan/frame_0025.png",
      "sharpness": 137.46629221103686,
      "transform_matrix": [
        [
          0.49547724622136086,
          -0.27064158881730305,
          -0.8253819896746857,
          -2.492024979596834
        ],
        [
          -0.5478465871522626,
          0.6400224020076987,
          -0.5387350386543597,
          -0.10711087735493524
        ],
        [
          0.674067070418453,
          0.7191136595356409,
          0.16884646649172974,
          -3.03023672450871
        ],
        [
          0.0,
          0.0,
          0.0,
          1.0
        ]
      ]
    },
    {
      "file_path": "/home/doan/VA_0223/20250411_Final/Reconstruction_3D/data/processed_images/xe_F1_khan/frame_0026.png",
      "sharpness": 112.31464192708333,
      "transform_matrix": [
        [
          0.4568107209817738,
          -0.23150485676756538,
          -0.8589117920305561,
          -2.3966542614183464
        ],
        [
          -0.6245940902529312,
          0.6040366454934836,
          -0.49499692253800265,
          0.07348227605129143
        ],
        [
          0.6334083892854796,
          0.762591130419184,
          0.13133385012541743,
          -2.8484751235954824
        ],
        [
          0.0,
          0.0,
          0.0,
          1.0
        ]
      ]
    },
    {
      "file_path": "/home/doan/VA_0223/20250411_Final/Reconstruction_3D/data/processed_images/xe_F1_khan/frame_0027.png",
      "sharpness": 125.15729600694445,
      "transform_matrix": [
        [
          0.4145277191221633,
          -0.19287205699421828,
          -0.889363333913759,
          -2.389342012883323
        ],
        [
          -0.7007809023701839,
          0.5558281183783473,
          -0.4471702468783201,
          0.17060528031220992
        ],
        [
          0.5805797937860124,
          0.8086133021728035,
          0.09524510799293784,
          -2.769872272428448
        ],
        [
          0.0,
          0.0,
          0.0,
          1.0
        ]
      ]
    },
    {
      "file_path": "/home/doan/VA_0223/20250411_Final/Reconstruction_3D/data/processed_images/xe_F1_khan/frame_0028.png",
      "sharpness": 98.28045138888889,
      "transform_matrix": [
        [
          0.3660798616507271,
          -0.15594277743685048,
          -0.9174243211617323,
          -2.2722436286673355
        ],
        [
          -0.7650160356782,
          0.5108862096436713,
          -0.3921042539314437,
          0.1477430545845325
        ],
        [
          0.529845260476109,
          0.8453857882417966,
          0.06772642755823222,
          -2.92499911294573
        ],
        [
          0.0,
          0.0,
          0.0,
          1.0
        ]
      ]
    },
    {
      "file_path": "/home/doan/VA_0223/20250411_Final/Reconstruction_3D/data/processed_images/xe_F1_khan/frame_0029.png",
      "sharpness": 82.02731770833333,
      "transform_matrix": [
        [
          0.3124329112880326,
          -0.12708704196218945,
          -0.9414003185199086,
          -2.2875924074566685
        ],
        [
          -0.828766510926996,
          0.44785915370085555,
          -0.33551192052183076,
          0.10633749582506682
        ],
        [
          0.4642539674682148,
          0.8850260234657817,
          0.034600454886715926,
          -3.042597768772077
        ],
        [
          0.0,
          0.0,
          0.0,
          1.0
        ]
      ]
    },
    {
      "file_path": "/home/doan/VA_0223/20250411_Final/Reconstruction_3D/data/processed_images/xe_F1_khan/frame_0030.png",
      "sharpness": 129.79907986111112,
      "transform_matrix": [
        [
          0.25636213868655605,
          -0.10120758367271565,
          -0.961267641635349,
          -2.2871747296355163
        ],
        [
          -0.8809745121118974,
          0.38471937360065805,
          -0.27545401174338013,
          -0.04463315895749999
        ],
        [
          0.39769631989403664,
          0.9174682711589801,
          0.009466179762321891,
          -3.0238069596891513
        ],
        [
          0.0,
          0.0,
          0.0,
          1.0
        ]
      ]
    },
    {
      "file_path": "/home/doan/VA_0223/20250411_Final/Reconstruction_3D/data/processed_images/xe_F1_khan/frame_0031.png",
      "sharpness": 122.20824869791667,
      "transform_matrix": [
        [
          0.19870008395882777,
          -0.08432844469706202,
          -0.9764256193124643,
          -2.2730456582189995
        ],
        [
          -0.9220984673714322,
          0.3214564038974759,
          -0.21540704924528173,
          -0.14262071352629493
        ],
        [
          0.3320432096971886,
          0.9431619658405854,
          -0.01388571516744641,
          -3.083628139931907
        ],
        [
          0.0,
          0.0,
          0.0,
          1.0
        ]
      ]
    },
    {
      "file_path": "/home/doan/VA_0223/20250411_Final/Reconstruction_3D/data/processed_images/xe_F1_khan/frame_0032.png",
      "sharpness": 123.41975043402778,
      "transform_matrix": [
        [
          0.14174566912198783,
          -0.0741897803730216,
          -0.9871190615996446,
          -2.3730065473077384
        ],
        [
          -0.9533921432734609,
          0.2580960021166202,
          -0.15630059128440332,
          -0.13436062970430404
        ],
        [
          0.2663673899515413,
          0.9632664897003427,
          -0.034147963201092146,
          -3.084884776453695
        ],
        [
          0.0,
          0.0,
          0.0,
          1.0
        ]
      ]
    },
    {
      "file_path": "/home/doan/VA_0223/20250411_Final/Reconstruction_3D/data/processed_images/xe_F1_khan/frame_0033.png",
      "sharpness": 127.1162282986111,
      "transform_matrix": [
        [
          0.0863035017372395,
          -0.06639923012606619,
          -0.9940537449386507,
          -2.388625602600501
        ],
        [
          -0.9758004623070332,
          0.19558110192956207,
          -0.09778287339508356,
          -0.02180809840898828
        ],
        [
          0.2009108343252573,
          0.9784371082530977,
          -0.04791306548369745,
          -2.880029240207481
        ],
        [
          0.0,
          0.0,
          0.0,
          1.0
        ]
      ]
    },
    {
      "file_path": "/home/doan/VA_0223/20250411_Final/Reconstruction_3D/data/processed_images/xe_F1_khan/frame_0034.png",
      "sharpness": 122.55847005208334,
      "transform_matrix": [
        [
          0.030223370811176244,
          -0.062308360043877964,
          -0.9975992262053197,
          -2.3605362516204473
        ],
        [
          -0.9911558679080678,
          0.1271547178761151,
          -0.037970030724909024,
          -0.02454950919259008
        ],
        [
          0.12921529850685287,
          0.9899239091922611,
          -0.05791425248845794,
          -2.7666117354954665
        ],
        [
          0.0,
          0.0,
          0.0,
          1.0
        ]
      ]
    },
    {
      "file_path": "/home/doan/VA_0223/20250411_Final/Reconstruction_3D/data/processed_images/xe_F1_khan/frame_0035.png",
      "sharpness": 98.39983072916667,
      "transform_matrix": [
        [
          -0.028586941217203222,
          -0.06222603424615181,
          -0.9976525985802078,
          -2.3165915534918486
        ],
        [
          -0.9977822497139545,
          0.0617956064148662,
          0.0247363130554953,
          -0.0595695864396269
        ],
        [
          0.06011130465731622,
          0.9961471897715799,
          -0.06385457980896636,
          -2.9059791759111424
        ],
        [
          0.0,
          0.0,
          0.0,
          1.0
        ]
      ]
    },
    {
      "file_path": "/home/doan/VA_0223/20250411_Final/Reconstruction_3D/data/processed_images/xe_F1_khan/frame_0036.png",
      "sharpness": 112.54902126736111,
      "transform_matrix": [
        [
          -0.08968763607762756,
          -0.06374827637310443,
          -0.993927706221265,
          -2.319656090691819
        ],
        [
          -0.9957779070368947,
          -0.013856706360379188,
          0.09074332783220629,
          0.001741498895186972
        ],
        [
          -0.019557295110216,
          0.9978698056100808,
          -0.06223634998673511,
          -2.9561621138349907
        ],
        [
          0.0,
          0.0,
          0.0,
          1.0
        ]
      ]
    },
    {
      "file_path": "/home/doan/VA_0223/20250411_Final/Reconstruction_3D/data/processed_images/xe_F1_khan/frame_0037.png",
      "sharpness": 89.98267144097223,
      "transform_matrix": [
        [
          -0.1535565451083015,
          -0.07024975319493731,
          -0.985639568823438,
          -2.3594467303318005
        ],
        [
          -0.982648844155156,
          -0.09415317964207512,
          0.15980121352425203,
          -0.1263130093548486
        ],
        [
          -0.10402709519610082,
          0.9930761053108356,
          -0.054573001802391996,
          -2.9836639263132843
        ],
        [
          0.0,
          0.0,
          0.0,
          1.0
        ]
      ]
    },
    {
      "file_path": "/home/doan/VA_0223/20250411_Final/Reconstruction_3D/data/processed_images/xe_F1_khan/frame_0038.png",
      "sharpness": 78.18952690972222,
      "transform_matrix": [
        [
          -0.2189901833419508,
          -0.08317183768026237,
          -0.9721757788675599,
          -2.4292943416630255
        ],
        [
          -0.958792712881831,
          -0.16648130267731498,
          0.230218395406542,
          -0.3690300756834536
        ],
        [
          -0.180996777110968,
          0.9825306210372032,
          -0.04328678088851401,
          -3.143055221208391
        ],
        [
          0.0,
          0.0,
          0.0,
          1.0
        ]
      ]
    },
    {
      "file_path": "/home/doan/VA_0223/20250411_Final/Reconstruction_3D/data/processed_images/xe_F1_khan/frame_0039.png",
      "sharpness": 72.24948133680556,
      "transform_matrix": [
        [
          -0.28197481912082684,
          -0.10037985260328519,
          -0.9541562170698886,
          -2.51483893055243
        ],
        [
          -0.9248657679307692,
          -0.2360670754935689,
          0.29815373077951524,
          -0.4759912508482857
        ],
        [
          -0.2551734952764628,
          0.966538266733013,
          -0.026272918550033775,
          -3.307266389295391
        ],
        [
          0.0,
          0.0,
          0.0,
          1.0
        ]
      ]
    },
    {
      "file_path": "/home/doan/VA_0223/20250411_Final/Reconstruction_3D/data/processed_images/xe_F1_khan/frame_0040.png",
      "sharpness": 68.23227430555555,
      "transform_matrix": [
        [
          -0.3419906607329639,
          -0.12107545011866183,
          -0.9318707653693159,
          -2.578135901558853
        ],
        [
          -0.881254314688883,
          -0.30295791968803654,
          0.36277724810209,
          -0.30827707039006647
        ],
        [
          -0.3262410471011564,
          0.9452815634914611,
          -0.0030894836915740242,
          -3.231297107283384
        ],
        [
          0.0,
          0.0,
          0.0,
          1.0
        ]
      ]
    },
    {
      "file_path": "/home/doan/VA_0223/20250411_Final/Reconstruction_3D/data/processed_images/xe_F1_khan/frame_0041.png",
      "sharpness": 66.61034505208333,
      "transform_matrix": [
        [
          -0.39847846872460757,
          -0.15024365380867544,
          -0.9047882373534213,
          -2.5414740707608052
        ],
        [
          -0.8253160501202471,
          -0.3715837989516967,
          0.42518101765076405,
          -0.061190756868602696
        ],
        [
          -0.40008540010453547,
          0.9161617350920328,
          0.02406964429213443,
          -3.0903551348068596
        ],
        [
          0.0,
          0.0,
          0.0,
          1.0
        ]
      ]
    },
    {
      "file_path": "/home/doan/VA_0223/20250411_Final/Reconstruction_3D/data/processed_images/xe_F1_khan/frame_0042.png",
      "sharpness": 64.00008463541667,
      "transform_matrix": [
        [
          -0.45176762285774286,
          -0.18022899791303781,
          -0.8737411076793438,
          -2.4944086868505506
        ],
        [
          -0.7609445024997799,
          -0.43338951048552166,
          0.48284262065033495,
          0.07299824583615139
        ],
        [
          -0.4656924726177432,
          0.8830011554422692,
          0.058647083770554165,
          -3.075832044404929
        ],
        [
          0.0,
          0.0,
          0.0,
          1.0
        ]
      ]
    },
    {
      "file_path": "/home/doan/VA_0223/20250411_Final/Reconstruction_3D/data/processed_images/xe_F1_khan/frame_0043.png",
      "sharpness": 58.77128689236111,
      "transform_matrix": [
        [
          -0.5005897467098203,
          -0.21381782983935416,
          -0.8388634222159094,
          -2.4447252513708237
        ],
        [
          -0.6877147571130326,
          -0.4903311071887723,
          0.5353725975169028,
          0.14697932877852607
        ],
        [
          -0.5257930375518116,
          0.8449007876465863,
          0.09840904783716586,
          -3.136088897239297
        ],
        [
          0.0,
          0.0,
          0.0,
          1.0
        ]
      ]
    },
    {
      "file_path": "/home/doan/VA_0223/20250411_Final/Reconstruction_3D/data/processed_images/xe_F1_khan/frame_0044.png",
      "sharpness": 48.49886935763889,
      "transform_matrix": [
        [
          -0.543078758835137,
          -0.2526911129153526,
          -0.80075755579057,
          -2.5062721991291186
        ],
        [
          -0.6035427508480183,
          -0.5455423850669382,
          0.5814805706077235,
          0.08021915603777789
        ],
        [
          -0.5837821593718793,
          0.7990811645565656,
          0.14376259197033392,
          -3.0802904280652252
        ],
        [
          0.0,
          0.0,
          0.0,
          1.0
        ]
      ]
    },
    {
      "file_path": "/home/doan/VA_0223/20250411_Final/Reconstruction_3D/data/processed_images/xe_F1_khan/frame_0045.png",
      "sharpness": 57.99966579861111,
      "transform_matrix": [
        [
          -0.5781561628567601,
          -0.29431607957322026,
          -0.7609950700598509,
          -2.5138230837556725
        ],
        [
          -0.5120866245183998,
          -0.595223326178998,
          0.6192547787153212,
          0.023535472156844008
        ],
        [
          -0.6352186555353193,
          0.7477213633948545,
          0.19341670657634802,
          -3.085733574169512
        ],
        [
          0.0,
          0.0,
          0.0,
          1.0
        ]
      ]
    },
    {
      "file_path": "/home/doan/VA_0223/20250411_Final/Reconstruction_3D/data/processed_images/xe_F1_khan/frame_0046.png",
      "sharpness": 47.337152777777774,
      "transform_matrix": [
        [
          -0.6036674812416046,
          -0.3382266055385639,
          -0.7219337472353525,
          -2.5534821048459424
        ],
        [
          -0.4199761403895964,
          -0.634795882157151,
          0.6485786224504961,
          0.007665307044113623
        ],
        [
          -0.6776471158315924,
          0.6947207721827421,
          0.24115852691318895,
          -3.2018142904572557
        ],
        [
          0.0,
          0.0,
          0.0,
          1.0
        ]
      ]
    },
    {
      "file_path": "/home/doan/VA_0223/20250411_Final/Reconstruction_3D/data/processed_images/xe_F1_khan/frame_0047.png",
      "sharpness": 46.60682074652778,
      "transform_matrix": [
        [
          -0.6232667502975775,
          -0.3862626075036828,
          -0.6799557015114684,
          -2.6815951011260832
        ],
        [
          -0.32389946279522963,
          -0.6638998257531981,
          0.6740372091849496,
          0.1829643125228437
        ],
        [
          -0.7117778417276415,
          0.6403422673924698,
          0.288676435851996,
          -3.166313065206741
        ],
        [
          0.0,
          0.0,
          0.0,
          1.0
        ]
      ]
    },
    {
      "file_path": "/home/doan/VA_0223/20250411_Final/Reconstruction_3D/data/processed_images/xe_F1_khan/frame_0048.png",
      "sharpness": 44.22947482638889,
      "transform_matrix": [
        [
          -0.6365270380557759,
          -0.43473298308350883,
          -0.6370561696139945,
          -2.7205168501699344
        ],
        [
          -0.22203831267466956,
          -0.6877362061663412,
          0.6911713958436888,
          0.33754761167388475
        ],
        [
          -0.7386015959423092,
          0.581400158365339,
          0.34123531224688985,
          -3.077104351628995
        ],
        [
          0.0,
          0.0,
          0.0,
          1.0
        ]
      ]
    },
    {
      "file_path": "/home/doan/VA_0223/20250411_Final/Reconstruction_3D/data/processed_images/xe_F1_khan/frame_0049.png",
      "sharpness": 40.94013888888889,
      "transform_matrix": [
        [
          -0.6430653487360294,
          -0.4844131143746454,
          -0.5931364867185847,
          -2.622537232780911
        ],
        [
          -0.11519156164462507,
          -0.7045228878760463,
          0.7002702368262332,
          0.4725618866032043
        ],
        [
          -0.7570983168524956,
          0.5186438422276436,
          0.3972539534585723,
          -3.1022507140089215
        ],
        [
          0.0,
          0.0,
          0.0,
          1.0
        ]
      ]
    },
    {
      "file_path": "/home/doan/VA_0223/20250411_Final/Reconstruction_3D/data/processed_images/xe_F1_khan/frame_0050.png",
      "sharpness": 60.87156467013889,
      "transform_matrix": [
        [
          -0.644349991247624,
          -0.5338109928848057,
          -0.5475937478227129,
          -2.5413625281696395
        ],
        [
          -0.008391042126643766,
          -0.7110825194991457,
          0.7030584903653296,
          0.6251772028565152
        ],
        [
          -0.7646846926617636,
          0.45761061431973493,
          0.4537067846866508,
          -3.029255720349913
        ],
        [
          0.0,
          0.0,
          0.0,
          1.0
        ]
      ]
    },
    {
      "file_path": "/home/doan/VA_0223/20250411_Final/Reconstruction_3D/data/processed_images/xe_F1_khan/frame_0051.png",
      "sharpness": 52.16099392361111,
      "transform_matrix": [
        [
          -0.6387922996071547,
          -0.5858607704282452,
          -0.49870989125525267,
          -2.510122254902549
        ],
        [
          0.107040811671194,
          -0.709567926007022,
          0.6964593477144703,
          0.6141102974317263
        ],
        [
          -0.7618967532411298,
          0.3915105567610102,
          0.5159775395744555,
          -2.969207005839148
        ],
        [
          0.0,
          0.0,
          0.0,
          1.0
        ]
      ]
    },
    {
      "file_path": "/home/doan/VA_0223/20250411_Final/Reconstruction_3D/data/processed_images/xe_F1_khan/frame_0052.png",
      "sharpness": 34.68633029513889,
      "transform_matrix": [
        [
          -0.6253823033811305,
          -0.6415643043682899,
          -0.4441758863087277,
          -2.5056165744966936
        ],
        [
          0.22068831320582488,
          -0.6914034680450516,
          0.6879374337755163,
          0.40407096329173886
        ],
        [
          -0.7484608493649346,
          0.33219946980046106,
          0.5739772375558225,
          -3.0037744514522746
        ],
        [
          0.0,
          0.0,
          0.0,
          1.0
        ]
      ]
    },
    {
      "file_path": "/home/doan/VA_0223/20250411_Final/Reconstruction_3D/data/processed_images/xe_F1_khan/frame_0053.png",
      "sharpness": 57.491069878472224,
      "transform_matrix": [
        [
          -0.6033590058785776,
          -0.6924383506857034,
          -0.39558442907283065,
          -2.5559083822201094
        ],
        [
          0.3301676600766157,
          -0.6684398320200167,
          0.6664664336698317,
          0.2579115643459366
        ],
        [
          -0.7259113074368982,
          0.2715093395607502,
          0.6319299425304504,
          -3.019946073653888
        ],
        [
          0.0,
          0.0,
          0.0,
          1.0
        ]
      ]
    },
    {
      "file_path": "/home/doan/VA_0223/20250411_Final/Reconstruction_3D/data/processed_images/xe_F1_khan/frame_0054.png",
      "sharpness": 71.62017578125,
      "transform_matrix": [
        [
          -0.5732157135715407,
          -0.7389492832995088,
          -0.3540871395939308,
          -2.6030574489464438
        ],
        [
          0.428799689769086,
          -0.6387494677276923,
          0.6388504860540731,
          0.3426447975011358
        ],
        [
          -0.6982510807500446,
          0.2143666816199105,
          0.6830024553708887,
          -2.8556521101671755
        ],
        [
          0.0,
          0.0,
          0.0,
          1.0
        ]
      ]
    },
    {
      "file_path": "/home/doan/VA_0223/20250411_Final/Reconstruction_3D/data/processed_images/xe_F1_khan/frame_0055.png",
      "sharpness": 82.98523003472222,
      "transform_matrix": [
        [
          -0.5376459953999081,
          -0.7817944714513593,
          -0.3158072007388875,
          -2.598418473530403
        ],
        [
          0.5195237815469581,
          -0.602161861625594,
          0.606214593036779,
