{
  "frames": [
    {
      "file_path": "/home/doan/VA_0223/20250411_Final/Reconstruction_3D/data/processed_images/xe_F1_khan/frame_0000.png",
      "sharpness": 206.5707834201389,
      "transform_matrix": [
        [
          -0.013862100930875735,
          -0.6574039236623613,
          0.753410859619233,
          2.750401581636077
        ],
        [
          0.9998613486348444,
          -0.0021609136608712037,
          0.016511025358960978,
          0.1512177733631411
        ],
        [
          -0.009226357035869784,
          0.753535275675022,
          0.6573427285141568,
          2.32342763464522
        ],
        [
          0.0,
          0.0,
          0.0,
          1.0
        ]
      ],
      "w": 1280.0,
      "h": 720.0,
      "fl_x": 1153.4363458408736,
      "fl_y": 1153.4363458408736,
      "k1": 0.015226110823852135,
      "k2": 0,
      "k3": 0,
      "k4": 0,
      "p1": 0,
      "p2": 0,
      "cx": 640.0,
      "cy": 360.0,
      "is_fisheye": false,
      "camera_angle_x": 1.0131393890102052,
      "camera_angle_y": 0.6050606046392518,
      "fovx": 58.04861104874765,
      "fovy": 34.667418995462846
    },
    {
      "file_path": "/home/doan/VA_0223/20250411_Final/Reconstruction_3D/data/processed_images/xe_F1_khan/frame_0002.png",
      "sharpness": 159.014921875,
      "transform_matrix": [
        [
          -0.0508727408017232,
          -0.6514140991680545,
          0.7570149507965281,
          2.7832905661820244
        ],
        [
          0.9986841931938721,
          -0.028271739335122226,
          0.04278540662206441,
          0.200716607365435
        ],
        [
          -0.006468887750541188,
          0.7581954762731102,
          0.6519952249299711,
          2.3457714644175693
        ],
        [
          0.0,
          0.0,
          0.0,
          1.0
        ]
      ],
      "w": 1280.0,
      "h": 720.0,
      "fl_x": 1161.762593525783,
      "fl_y": 1161.762593525783,
      "k1": 0.012090557794024171,
      "k2": 0,
      "k3": 0,
      "k4": 0,
      "p1": 0,
      "p2": 0,
      "cx": 640.0,
      "cy": 360.0,
      "is_fisheye": false,
      "camera_angle_x": 1.0070480269132203,
      "camera_angle_y": 0.6009813914541463,
      "fovx": 57.69960170910446,
      "fovy": 34.433697296222185
    },
    {
      "file_path": "/home/doan/VA_0223/20250411_Final/Reconstruction_3D/data/processed_images/xe_F1_khan/frame_0001.png",
      "sharpness": 156.94151041666666,
      "transform_matrix": [
        [
          -0.02928819071190869,
          -0.6553467672289739,
          0.7547601053635741,
          2.758169209010405
        ],
        [
          0.9995387779159691,
          -0.013137850557767042,
          0.027379341210424676,
          0.16073285083880254
        ],
        [
          -0.00802703727987969,
          0.7552138847017721,
          0.6554292906999099,
          2.3181781860723185
        ],
        [
          0.0,
          0.0,
          0.0,
          1.0
        ]
      ],
      "w": 1280.0,
      "h": 720.0,
      "fl_x": 1156.1491739027317,
      "fl_y": 1156.1491739027317,
      "k1": 0.014135661270492202,
      "k2": 0,
      "k3": 0,
      "k4": 0,
      "p1": 0,
      "p2": 0,
      "cx": 640.0,
      "cy": 360.0,
      "is_fisheye": false,
      "camera_angle_x": 1.011147346001758,
      "camera_angle_y": 0.6037256469892671,
      "fovx": 57.934475391755086,
      "fovy": 34.59093155629002
    },
    {
      "file_path": "/home/doan/VA_0223/20250411_Final/Reconstruction_3D/data/processed_images/xe_F1_khan/frame_0006.png",
      "sharpness": 127.8015017361111,
      "transform_matrix": [
        [
          -0.2221750735172022,
          -0.6189912296039151,
          0.7533180566415068,
          2.8603038154678257
        ],
        [
          0.9749849447026556,
          -0.1358747804904975,
          0.17590452418844338,
          0.8044246318347206
        ],
        [
          -0.006526432134603261,
          0.7735553643917074,
          0.6336951191114119,
          2.3905352636898667
        ],
        [
          0.0,
          0.0,
          0.0,
          1.0
        ]
      ],
      "w": 1280.0,
      "h": 720.0,
      "fl_x": 1152.035383500157,
      "fl_y": 1152.035383500157,
      "k1": 0.028583688423833343,
      "k2": 0,
      "k3": 0,
      "k4": 0,
      "p1": 0,
      "p2": 0,
      "cx": 640.0,
      "cy": 360.0,
      "is_fisheye": false,
      "camera_angle_x": 1.0141709307557114,
      "camera_angle_y": 0.6057522483602259,
      "fovx": 58.10771403715672,
      "fovy": 34.70704726160139
    },
    {
      "file_path": "/home/doan/VA_0223/20250411_Final/Reconstruction_3D/data/processed_images/xe_F1_khan/frame_0003.png",
      "sharpness": 151.98815321180555,
      "transform_matrix": [
        [
          -0.08119829099600079,
          -0.6482855806921459,
          0.757055244673104,
          2.797173226659647
        ],
        [
          0.9966815104910606,
          -0.048448395879306716,
          0.0654119223240236,
          0.2675548919109766
        ],
        [
          -0.005727493851591225,
          0.7598543010894424,
          0.6500681787407198,
          2.3525827635356746
        ],
        [
          0.0,
          0.0,
          0.0,
          1.0
        ]
      ],
      "w": 1280.0,
      "h": 720.0,
      "fl_x": 1152.7661216987528,
      "fl_y": 1152.7661216987528,
      "k1": 0.021638501914324808,
      "k2": 0,
      "k3": 0,
      "k4": 0,
      "p1": 0,
      "p2": 0,
      "cx": 640.0,
      "cy": 360.0,
      "is_fisheye": false,
      "camera_angle_x": 1.0136326422293227,
      "camera_angle_y": 0.6053912977419,
      "fovx": 58.07687237643434,
      "fovy": 34.686366314558676
    },
    {
      "file_path": "/home/doan/VA_0223/20250411_Final/Reconstruction_3D/data/processed_images/xe_F1_khan/frame_0005.png",
      "sharpness": 114.23141493055556,
      "transform_matrix": [
        [
          -0.16895420574544906,
          -0.6310028957232239,
          0.7571590467206397,
          2.8508193525142844
        ],
        [
          0.9855993031765342,
          -0.10273550931028519,
          0.13431094037653973,
          0.5893929280097596
        ],
        [
          -0.006963472011170875,
          0.7689478270959142,
          0.6392736107045579,
          2.4115629500300693
        ],
        [
          0.0,
          0.0,
          0.0,
          1.0
        ]
      ],
      "w": 1280.0,
      "h": 720.0,
      "fl_x": 1155.0021946469242,
      "fl_y": 1155.0021946469242,
      "k1": 0.029289088582514222,
      "k2": 0,
      "k3": 0,
      "k4": 0,
      "p1": 0,
      "p2": 0,
      "cx": 640.0,
      "cy": 360.0,
      "is_fisheye": false,
      "camera_angle_x": 1.0119887049486473,
      "camera_angle_y": 0.6042893674696521,
      "fovx": 57.98268170846742,
      "fovy": 34.62323036064117
    },
    {
      "file_path": "/home/doan/VA_0223/20250411_Final/Reconstruction_3D/data/processed_images/xe_F1_khan/frame_0007.png",
      "sharpness": 106.34545355902777,
      "transform_matrix": [
        [
          -0.2800622200557537,
          -0.6029930419586321,
          0.7469702432680937,
          2.8474705813424883
        ],
        [
          0.9599737912962261,
          -0.1727255691130813,
          0.22049081114426552,
          1.0123127448739682
        ],
        [
          -0.00393356455678865,
          0.7788230024864929,
          0.6272314229604755,
          2.4071206243720376
        ],
        [
          0.0,
          0.0,
          0.0,
          1.0
        ]
      ],
      "w": 1280.0,
      "h": 720.0,
      "fl_x": 1153.0092946493735,
      "fl_y": 1153.0092946493735,
      "k1": 0.03311193794899857,
      "k2": 0,
      "k3": 0,
      "k4": 0,
      "p1": 0,
      "p2": 0,
      "cx": 640.0,
      "cy": 360.0,
      "is_fisheye": false,
      "camera_angle_x": 1.0134536277841768,
      "camera_angle_y": 0.6052712740792502,
      "fovx": 58.06661560425559,
      "fovy": 34.67948946524714
    },
    {
      "file_path": "/home/doan/VA_0223/20250411_Final/Reconstruction_3D/data/processed_images/xe_F1_khan/frame_0008.png",
      "sharpness": 109.08556640625,
      "transform_matrix": [
        [
          -0.3389013757950001,
          -0.5831943530256946,
          0.7382616095695853,
          2.7713657962638383
        ],
        [
          0.9408196045106537,
          -0.2118122434758927,
          0.26456387750838195,
          1.1929173246799183
        ],
        [
          0.0020806884175875277,
          0.7842320576139067,
          0.6204641412906858,
          2.375945550372039
        ],
        [
          0.0,
          0.0,
          0.0,
          1.0
        ]
      ],
      "w": 1280.0,
      "h": 720.0,
      "fl_x": 1159.2395699974638,
      "fl_y": 1159.2395699974638,
      "k1": 0.024963179217453176,
      "k2": 0,
      "k3": 0,
      "k4": 0,
      "p1": 0,
      "p2": 0,
      "cx": 640.0,
      "cy": 360.0,
      "is_fisheye": false,
      "camera_angle_x": 1.008886754199333,
      "camera_angle_y": 0.6022118334008078,
      "fovx": 57.80495302227426,
      "fovy": 34.504196426701746
    },
    {
      "file_path": "/home/doan/VA_0223/20250411_Final/Reconstruction_3D/data/processed_images/xe_F1_khan/frame_0011.png",
      "sharpness": 124.82744574652777,
      "transform_matrix": [
        [
          -0.5350892375335882,
          -0.5050440315969883,
          0.677207526615779,
          2.494942732940119
        ],
        [
          0.8446381824009609,
          -0.3353043793493092,
          0.4173215954389607,
          1.7559759627625895
        ],
        [
          0.01630486836960459,
          0.795299628698736,
          0.6059972375682283,
          2.3695290553258093
        ],
        [
          0.0,
          0.0,
          0.0,
          1.0
        ]
      ],
      "w": 1280.0,
      "h": 720.0,
      "fl_x": 1145.4670417502407,
      "fl_y": 1145.4670417502407,
      "k1": 0.033242772898353326,
      "k2": 0,
      "k3": 0,
      "k4": 0,
      "p1": 0,
      "p2": 0,
      "cx": 640.0,
      "cy": 360.0,
      "is_fisheye": false,
      "camera_angle_x": 1.0190329308863102,
      "camera_angle_y": 0.6090155255392485,
      "fovx": 58.386286124632086,
      "fovy": 34.89401927134074
    },
    {
      "file_path": "/home/doan/VA_0223/20250411_Final/Reconstruction_3D/data/processed_images/xe_F1_khan/frame_0009.png",
      "sharpness": 120.83942925347222,
      "transform_matrix": [
        [
          -0.40167524651367137,
          -0.561788408080463,
          0.7232224975522248,
          2.6507130385325715
        ],
        [
          0.9157485311637368,
          -0.25316902348608356,
          0.31194562542004883,
          1.3700352306335275
        ],
        [
          0.007850097156069581,
          0.7875907758274786,
          0.6161486394428958,
          2.335045100606015
        ],
        [
          0.0,
          0.0,
          0.0,
          1.0
        ]
      ],
      "w": 1280.0,
      "h": 720.0,
      "fl_x": 1156.030105865662,
      "fl_y": 1156.030105865662,
      "k1": 0.021616642128397645,
      "k2": 0,
      "k3": 0,
      "k4": 0,
      "p1": 0,
      "p2": 0,
      "cx": 640.0,
      "cy": 360.0,
      "is_fisheye": false,
      "camera_angle_x": 1.0112346281231912,
      "camera_angle_y": 0.6037841194383641,
      "fovx": 57.93947628894016,
      "fovy": 34.59428178084107
    },
    {
      "file_path": "/home/doan/VA_0223/20250411_Final/Reconstruction_3D/data/processed_images/xe_F1_khan/frame_0004.png",
      "sharpness": 138.6875217013889,
      "transform_matrix": [
        [
          -0.12045432413014447,
          -0.6412971954052052,
          0.757778769196423,
          2.801414290599255
        ],
        [
          0.9927042340429831,
          -0.07366735299229703,
          0.09545378366720904,
          0.37813473042784307
        ],
        [
          -0.005390687676135066,
          0.7637480136464684,
          0.6454919923737813,
          2.357955311967053
        ],
        [
          0.0,
          0.0,
          0.0,
          1.0
        ]
      ],
      "w": 1280.0,
      "h": 720.0,
      "fl_x": 1153.4115185963417,
      "fl_y": 1153.4115185963417,
      "k1": 0.0200626077689912,
      "k2": 0,
      "k3": 0,
      "k4": 0,
      "p1": 0,
      "p2": 0,
      "cx": 640.0,
      "cy": 360.0,
      "is_fisheye": false,
      "camera_angle_x": 1.0131576528692172,
      "camera_angle_y": 0.6050728483228685,
      "fovx": 58.04965749078667,
      "fovy": 34.66812050685977
    },
    {
      "file_path": "/home/doan/VA_0223/20250411_Final/Reconstruction_3D/data/processed_images/xe_F1_khan/frame_0010.png",
      "sharpness": 113.61946831597223,
      "transform_matrix": [
        [
          -0.47028011740787706,
          -0.5347573418995306,
          0.7020478591495447,
          2.5339726571118826
        ],
        [
          0.8824549007991056,
          -0.2943962845463454,
          0.36688441735932575,
          1.503543302667063
        ],
        [
          0.010486145495910988,
          0.7920640207729002,
          0.6103479563584419,
          2.2918470773909574
        ],
        [
          0.0,
          0.0,
          0.0,
          1.0
        ]
      ],
      "w": 1280.0,
      "h": 720.0,
      "fl_x": 1147.0839092926885,
      "fl_y": 1147.0839092926885,
      "k1": 0.029813031878623917,
      "k2": 0,
      "k3": 0,
      "k4": 0,
      "p1": 0,
      "p2": 0,
      "cx": 640.0,
      "cy": 360.0,
      "is_fisheye": false,
      "camera_angle_x": 1.017832156882963,
      "camera_angle_y": 0.6082090781434193,
      "fovx": 58.31748684209126,
      "fovy": 34.84781323916041
    },
    {
      "file_path": "/home/doan/VA_0223/20250411_Final/Reconstruction_3D/data/processed_images/xe_F1_khan/frame_0012.png",
      "sharpness": 121.51412977430556,
      "transform_matrix": [
        [
          -0.5955426468992943,
          -0.4712748496000618,
          0.6505605059790359,
          2.4482481963255522
        ],
        [
          0.8028488678546308,
          -0.3770123124950828,
          0.4618391620594679,
          1.986197472378194
        ],
        [
          0.027616139138133215,
          0.7973466827108523,
          0.6028893899467167,
          2.407132597756233
        ],
        [
          0.0,
          0.0,
          0.0,
          1.0
        ]
      ],
      "w": 1280.0,
      "h": 720.0,
      "fl_x": 1152.5142920958504,
      "fl_y": 1152.5142920958504,
      "k1": 0.037460753390090785,
      "k2": 0,
      "k3": 0,
      "k4": 0,
      "p1": 0,
      "p2": 0,
      "cx": 640.0,
      "cy": 360.0,
      "is_fisheye": false,
      "camera_angle_x": 1.013818090224563,
      "camera_angle_y": 0.6055156427367878,
      "fovx": 58.08749776388076,
      "fovy": 34.69349075796932
    },
    {
      "file_path": "/home/doan/VA_0223/20250411_Final/Reconstruction_3D/data/processed_images/xe_F1_khan/frame_0015.png",
      "sharpness": 115.39254340277778,
      "transform_matrix": [
        [
          -0.7699813048216054,
          -0.34620262739061747,
          0.535978106916811,
          2.148037536303982
        ],
        [
          0.6358459358934851,
          -0.4863414936004717,
          0.5993095172032096,
          2.507152646090376
        ],
        [
          0.05318586357912147,
          0.8022566250590719,
          0.5946053914533503,
          2.4298323743546684
        ],
        [
          0.0,
          0.0,
          0.0,
          1.0
        ]
      ],
      "w": 1280.0,
      "h": 720.0,
      "fl_x": 1155.6748974552854,
      "fl_y": 1155.6748974552854,
      "k1": 0.05738546187690489,
      "k2": 0,
      "k3": 0,
      "k4": 0,
      "p1": 0,
      "p2": 0,
      "cx": 640.0,
      "cy": 360.0,
      "is_fisheye": false,
      "camera_angle_x": 1.0114950933338904,
      "camera_angle_y": 0.603958621984668,
      "fovx": 57.95439984622322,
      "fovy": 34.60428004025857
    },
    {
      "file_path": "/home/doan/VA_0223/20250411_Final/Reconstruction_3D/data/processed_images/xe_F1_khan/frame_0017.png",
      "sharpness": 88.55600694444445,
      "transform_matrix": [
        [
          -0.8544144666232004,
          -0.25297063976948164,
          0.45385215072828317,
          1.6497872353611625
        ],
        [
          0.5140383531551097,
          -0.5389063444648585,
          0.667341384436219,
          2.832632925143146
        ],
        [
          0.07576602651101125,
          0.8034835451749317,
          0.5904859879294998,
          2.498086664917938
        ],
        [
          0.0,
          0.0,
          0.0,
          1.0
        ]
      ],
      "w": 1280.0,
      "h": 720.0,
      "fl_x": 1127.3901414834208,
      "fl_y": 1127.3901414834208,
      "k1": 0.07154259982297567,
      "k2": 0,
      "k3": 0,
      "k4": 0,
      "p1": 0,
      "p2": 0,
      "cx": 640.0,
      "cy": 360.0,
      "is_fisheye": false,
      "camera_angle_x": 1.0326356559807004,
      "camera_angle_y": 0.6181748392760203,
      "fovx": 59.16566486241734,
      "fovy": 35.41880929169396
    },
    {
      "file_path": "/home/doan/VA_0223/20250411_Final/Reconstruction_3D/data/processed_images/xe_F1_khan/frame_0016.png",
      "sharpness": 105.70344618055556,
      "transform_matrix": [
        [
          -0.8164556740149785,
          -0.2998373919494812,
          0.49345483160949744,
          1.9076176353158791
        ],
        [
          0.5738793313480793,
          -0.5157171982172041,
          0.6361590088292566,
          2.7042634307551827
        ],
        [
          0.06373888513186102,
          0.8025791611489289,
          0.593130714676664,
          2.4436125212679647
        ],
        [
          0.0,
          0.0,
          0.0,
          1.0
        ]
      ],
      "w": 1280.0,
      "h": 720.0,
      "fl_x": 1154.4475905292054,
      "fl_y": 1154.4475905292054,
      "k1": 0.05325747813968587,
      "k2": 0,
      "k3": 0,
      "k4": 0,
      "p1": 0,
      "p2": 0,
      "cx": 640.0,
      "cy": 360.0,
      "is_fisheye": false,
      "camera_angle_x": 1.0123959898236254,
      "camera_angle_y": 0.6045623119864082,
      "fovx": 58.00601741286317,
      "fovy": 34.63886892949253
    },
    {
      "file_path": "/home/doan/VA_0223/20250411_Final/Reconstruction_3D/data/processed_images/xe_F1_khan/frame_0019.png",
      "sharpness": 115.64473090277778,
      "transform_matrix": [
        [
          -0.9147567327215274,
          -0.16494589592728445,
          0.36879936474790553,
          1.2324115905636879
        ],
        [
          0.39355118995594884,
          -0.5701277347933642,
          0.7211600563701429,
          3.2221423780510983
        ],
        [
          0.09131035481201108,
          0.804827445785961,
          0.5864428375340363,
          2.5623697106730075
        ],
        [
          0.0,
          0.0,
          0.0,
          1.0
        ]
      ],
      "w": 1280.0,
      "h": 720.0,
      "fl_x": 1134.0377792915876,
      "fl_y": 1134.0377792915876,
      "k1": 0.07312221601887887,
      "k2": 0,
      "k3": 0,
      "k4": 0,
      "p1": 0,
      "p2": 0,
      "cx": 640.0,
      "cy": 360.0,
      "is_fisheye": false,
      "camera_angle_x": 1.0275951114665136,
      "camera_angle_y": 0.6147757309926062,
      "fovx": 58.87686293530662,
      "fovy": 35.22405473294637
    },
    {
      "file_path": "/home/doan/VA_0223/20250411_Final/Reconstruction_3D/data/processed_images/xe_F1_khan/frame_0021.png",
      "sharpness": 119.73377170138889,
      "transform_matrix": [
        [
          -0.9534266791957026,
          -0.08687291282202798,
          0.2888436679187352,
          1.0086813891234752
        ],
        [
          0.2831786355085848,
          -0.5875608995844689,
          0.7580119060220161,
          3.306325893987891
        ],
        [
          0.10386254313169976,
          0.8045031301058979,
          0.5847967902316579,
          2.5103448900844674
        ],
        [
          0.0,
          0.0,
          0.0,
          1.0
        ]
      ],
      "w": 1280.0,
      "h": 720.0,
      "fl_x": 1127.5655234782196,
      "fl_y": 1127.5655234782196,
      "k1": 0.07124723824157213,
      "k2": 0,
      "k3": 0,
      "k4": 0,
      "p1": 0,
      "p2": 0,
      "cx": 640.0,
      "cy": 360.0,
      "is_fisheye": false,
      "camera_angle_x": 1.0325020957013198,
      "camera_angle_y": 0.6180846947355354,
      "fovx": 59.15801242209824,
      "fovy": 35.41364438997803
    },
    {
      "file_path": "/home/doan/VA_0223/20250411_Final/Reconstruction_3D/data/processed_images/xe_F1_khan/frame_0013.png",
      "sharpness": 136.70526041666668,
      "transform_matrix": [
        [
          -0.6543077819757551,
          -0.43353918801396557,
          0.6196168969478127,
          2.398235112527087
        ],
        [
          0.7551942863673313,
          -0.4174297386680751,
          0.505404791344308,
          2.147094808797362
        ],
        [
          0.03953373650947009,
          0.7986214283360573,
          0.6005338441431062,
          2.43875694983081
        ],
        [
          0.0,
          0.0,
          0.0,
          1.0
        ]
      ],
      "w": 1280.0,
      "h": 720.0,
      "fl_x": 1161.2383397295441,
      "fl_y": 1161.2383397295441,
      "k1": 0.02971942146387369,
      "k2": 0,
      "k3": 0,
      "k4": 0,
      "p1": 0,
      "p2": 0,
      "cx": 640.0,
      "cy": 360.0,
      "is_fisheye": false,
      "camera_angle_x": 1.0074295878595814,
      "camera_angle_y": 0.6012366609497231,
      "fovx": 57.72146354095797,
      "fovy": 34.448323160957166
    },
    {
      "file_path": "/home/doan/VA_0223/20250411_Final/Reconstruction_3D/data/processed_images/xe_F1_khan/frame_0022.png",
      "sharpness": 118.00666232638889,
      "transform_matrix": [
        [
          -0.9665148191587111,
          -0.052590355888415985,
          0.251164007961354,
          0.8915315045782621
        ],
        [
          0.2325430585806036,
          -0.593356300576989,
          0.7706179510442973,
          3.3148425819616905
        ],
        [
          0.10850267430261677,
          0.8032201162107321,
          0.5857171797589853,
          2.4807793233369084
        ],
        [
          0.0,
          0.0,
          0.0,
          1.0
        ]
      ],
      "w": 1280.0,
      "h": 720.0,
      "fl_x": 1126.014004650062,
      "fl_y": 1126.014004650062,
      "k1": 0.07406731412092292,
      "k2": 0,
      "k3": 0,
      "k4": 0,
      "p1": 0,
      "p2": 0,
      "cx": 640.0,
      "cy": 360.0,
      "is_fisheye": false,
      "camera_angle_x": 1.033684729891126,
      "camera_angle_y": 0.61888304374251,
      "fovx": 59.22577236988201,
      "fovy": 35.45938641865614
    },
    {
      "file_path": "/home/doan/VA_0223/20250411_Final/Reconstruction_3D/data/processed_images/xe_F1_khan/frame_0020.png",
      "sharpness": 136.32223307291667,
      "transform_matrix": [
        [
          -0.9362916827123973,
          -0.12409306922565606,
          0.3285708373164325,
          1.1121189007364356
        ],
        [
          0.33711353123796645,
          -0.5800146935697252,
          0.7415776576324493,
          3.3143068818962913
        ],
        [
          0.09855126591725508,
          0.8050986681561619,
          0.5848963862091316,
          2.5370537230321206
        ],
        [
          0.0,
          0.0,
          0.0,
          1.0
        ]
      ],
      "w": 1280.0,
      "h": 720.0,
      "fl_x": 1136.8550976473198,
      "fl_y": 1136.8550976473198,
      "k1": 0.056579228740540326,
      "k2": 0,
      "k3": 0,
      "k4": 0,
      "p1": 0,
      "p2": 0,
      "cx": 640.0,
      "cy": 360.0,
      "is_fisheye": false,
      "camera_angle_x": 1.0254723846092715,
      "camera_angle_y": 0.6133460604954666,
      "fovx": 58.75523964532757,
      "fovy": 35.142140647365906
    },
    {
      "file_path": "/home/doan/VA_0223/20250411_Final/Reconstruction_3D/data/processed_images/xe_F1_khan/frame_0018.png",
      "sharpness": 88.08990234375,
      "transform_matrix": [
        [
          -0.8873457966603089,
          -0.20769193015544535,
          0.41168130802680875,
          1.4169203272895343
        ],
        [
          0.4532569535983604,
          -0.5568959877719034,
          0.6960064603280873,
          3.0138039357758086
        ],
        [
          0.08470874353461916,
          0.8041958225501681,
          0.5882971254756101,
          2.5676755722448976
        ],
        [
          0.0,
          0.0,
          0.0,
          1.0
        ]
      ],
      "w": 1280.0,
      "h": 720.0,
      "fl_x": 1126.389072399679,
      "fl_y": 1126.389072399679,
      "k1": 0.08034293100500575,
      "k2": 0,
      "k3": 0,
      "k4": 0,
      "p1": 0,
      "p2": 0,
      "cx": 640.0,
      "cy": 360.0,
      "is_fisheye": false,
      "camera_angle_x": 1.0333986114276792,
      "camera_angle_y": 0.6186898661127591,
      "fovx": 59.20937898948574,
      "fovy": 35.44831815577507
    },
    {
      "file_path": "/home/doan/VA_0223/20250411_Final/Reconstruction_3D/data/processed_images/xe_F1_khan/frame_0014.png",
      "sharpness": 160.34855034722221,
      "transform_matrix": [
        [
          -0.7126115256142649,
          -0.39190956395627535,
          0.5818863353975492,
          2.294673327445569
        ],
        [
          0.6998291996218173,
          -0.45530843670996174,
          0.550393785227959,
          2.2604549760155774
        ],
        [
          0.049233169339813324,
          0.7994380033520454,
          0.5987277961765876,
          2.442916243676714
        ],
        [
          0.0,
          0.0,
          0.0,
          1.0
        ]
      ],
      "w": 1280.0,
      "h": 720.0,
      "fl_x": 1149.8403088842338,
      "fl_y": 1149.8403088842338,
      "k1": 0.049075808640336206,
      "k2": 0,
      "k3": 0,
      "k4": 0,
      "p1": 0,
      "p2": 0,
      "cx": 640.0,
      "cy": 360.0,
      "is_fisheye": false,
      "camera_angle_x": 1.015791045505421,
      "camera_angle_y": 0.6068390259180397,
      "fovx": 58.20053977464198,
      "fovy": 34.769315028933654
    },
    {
      "file_path": "/home/doan/VA_0223/20250411_Final/Reconstruction_3D/data/processed_images/xe_F1_khan/frame_0023.png",
      "sharpness": 95.71068358862154,
      "transform_matrix": [
        [
          -0.9768163788710368,
          -0.019615053220423492,
          0.21317835663479529,
          0.7118302826717099
        ],
        [
          0.18243314000600724,
          -0.5973230405162139,
          0.7809758861169512,
          3.335416953354694
        ],
        [
          0.1120174605872947,
          0.801760834044566,
          0.5870533652036729,
          2.440925985417505
        ],
        [
          0.0,
          0.0,
          0.0,
          1.0
        ]
      ],
      "w": 1280.0,
      "h": 720.0,
      "fl_x": 1134.8197250594724,
      "fl_y": 1134.8197250594724,
      "k1": 0.07729346105205744,
      "k2": 0,
      "k3": 0,
      "k4": 0,
      "p1": 0,
      "p2": 0,
      "cx": 640.0,
      "cy": 360.0,
      "is_fisheye": false,
      "camera_angle_x": 1.0270051475556643,
      "camera_angle_y": 0.6143782797807499,
      "fovx": 58.84306049314992,
      "fovy": 35.20128245594465
    },
    {
      "file_path": "/home/doan/VA_0223/20250411_Final/Reconstruction_3D/data/processed_images/xe_F1_khan/frame_0024.png",
      "sharpness": 109.39001301930752,
      "transform_matrix": [
        [
          -0.9851552962427748,
          0.010319537122680782,
          0.17135503937574123,
          0.5495185267041881
        ],
        [
          0.13066847786830965,
          -0.6022883372440953,
          0.787511592112437,
          3.3416363735946892
        ],
        [
          0.11133189685335748,
          0.7982119179924395,
          0.5919991070931488,
          2.4615774690800416
        ],
        [
          0.0,
          0.0,
          0.0,
          1.0
        ]
      ],
      "w": 1280.0,
      "h": 720.0,
      "fl_x": 1137.0218449047825,
      "fl_y": 1137.0218449047825,
      "k1": 0.07665586674772323,
      "k2": 0,
      "k3": 0,
      "k4": 0,
      "p1": 0,
      "p2": 0,
      "cx": 640.0,
      "cy": 360.0,
      "is_fisheye": false,
      "camera_angle_x": 1.025346998142952,
      "camera_angle_y": 0.6132616451034973,
      "fovx": 58.748055529999405,
      "fovy": 35.13730400168013
    },
    {
      "file_path": "/home/doan/VA_0223/20250411_Final/Reconstruction_3D/data/processed_images/xe_F1_khan/frame_0026.png",
      "sharpness": 98.86715711805556,
      "transform_matrix": [
        [
          -0.9928186546958904,
          0.07228388997577825,
          0.09532134188569391,
          0.185220886424142
        ],
        [
          0.032041743093721695,
          -0.6070171247270865,
          0.7940425284502839,
          3.318956556314016
        ],
        [
          0.11525816963917052,
          0.7913944968153844,
          0.600341823316495,
          2.576219047570956
        ],
        [
          0.0,
          0.0,
          0.0,
          1.0
        ]
      ],
      "w": 1280.0,
      "h": 720.0,
      "fl_x": 1136.5247416281602,
      "fl_y": 1136.5247416281602,
      "k1": 0.07650139049386301,
      "k2": 0,
      "k3": 0,
      "k4": 0,
      "p1": 0,
      "p2": 0,
      "cx": 640.0,
      "cy": 360.0,
      "is_fisheye": false,
      "camera_angle_x": 1.02572088003242,
      "camera_angle_y": 0.6135133689046648,
      "fovx": 58.769477384302306,
      "fovy": 35.15172671309001
    },
    {
      "file_path": "/home/doan/VA_0223/20250411_Final/Reconstruction_3D/data/processed_images/xe_F1_khan/frame_0025.png",
      "sharpness": 120.33760633680555,
      "transform_matrix": [
        [
          -0.9902457734680833,
          0.041044902908695356,
          0.1331488796606658,
          0.37655315645060583
        ],
        [
          0.08134794633403093,
          -0.6055261688810696,
          0.7916568514372839,
          3.323437164212958
        ],
        [
          0.11311860959597633,
          0.7947662390898931,
          0.596280810899698,
          2.529189580930819
        ],
        [
          0.0,
          0.0,
          0.0,
          1.0
        ]
      ],
      "w": 1280.0,
      "h": 720.0,
      "fl_x": 1134.4317528594552,
      "fl_y": 1134.4317528594552,
      "k1": 0.06468581314457984,
      "k2": 0,
      "k3": 0,
      "k4": 0,
      "p1": 0,
      "p2": 0,
      "cx": 640.0,
      "cy": 360.0,
      "is_fisheye": false,
      "camera_angle_x": 1.027297788435709,
      "camera_angle_y": 0.6145754179650146,
      "fovx": 58.85982758048948,
      "fovy": 35.21257764188389
    },
    {
      "file_path": "/home/doan/VA_0223/20250411_Final/Reconstruction_3D/data/processed_images/xe_F1_khan/frame_0028.png",
      "sharpness": 155.89075303819445,
      "transform_matrix": [
        [
          -0.9895177849622916,
          0.14394230495341692,
          0.011626098618827439,
          -0.07744040981540475
        ],
        [
          -0.07895557205880979,
          -0.6066633080997007,
          0.7910282221555294,
          3.2765586253997245
        ],
        [
          0.1209155530286616,
          0.7818185489627374,
          0.611669179879773,
          2.5929481466431707
        ],
        [
          0.0,
          0.0,
          0.0,
          1.0
        ]
      ],
      "w": 1280.0,
      "h": 720.0,
      "fl_x": 1136.0782078841376,
      "fl_y": 1136.0782078841376,
      "k1": 0.08413782230768276,
      "k2": 0,
      "k3": 0,
      "k4": 0,
      "p1": 0,
      "p2": 0,
      "cx": 640.0,
      "cy": 360.0,
      "is_fisheye": false,
      "camera_angle_x": 1.026056939283884,
      "camera_angle_y": 0.6137396559230061,
      "fovx": 58.78873216107752,
      "fovy": 35.164692004199566
    },
    {
      "file_path": "/home/doan/VA_0223/20250411_Final/Reconstruction_3D/data/processed_images/xe_F1_khan/frame_0031.png",
      "sharpness": 129.80981770833333,
      "transform_matrix": [
        [
          -0.9540675180125894,
          0.26648501614085807,
          -0.13689743360188128,
          -0.6137763346720376
        ],
        [
          -0.2727510805398222,
          -0.5835647448047147,
          0.7648915195539246,
          3.1947363391133683
        ],
        [
          0.123943613030031,
          0.7670970765477325,
          0.6294442437755752,
          2.6891962375162626
        ],
        [
          0.0,
          0.0,
          0.0,
          1.0
        ]
      ],
      "w": 1280.0,
      "h": 720.0,
      "fl_x": 1131.9294615114666,
      "fl_y": 1131.9294615114666,
      "k1": 0.07481154870549611,
      "k2": 0,
      "k3": 0,
      "k4": 0,
      "p1": 0,
      "p2": 0,
      "cx": 640.0,
      "cy": 360.0,
      "is_fisheye": false,
      "camera_angle_x": 1.0291888778657947,
      "camera_angle_y": 0.6158498423144666,
      "fovx": 58.968179023515184,
      "fovy": 35.2855967784162
    },
    {
      "file_path": "/home/doan/VA_0223/20250411_Final/Reconstruction_3D/data/processed_images/xe_F1_khan/frame_0030.png",
      "sharpness": 151.93167100694444,
      "transform_matrix": [
        [
          -0.9704615147786881,
          0.2239000484656668,
          -0.08985108074810531,
          -0.39437642892121727
        ],
        [
          -0.20909995011880025,
          -0.5948327692426344,
          0.776177291277964,
          3.2440286267651373
        ],
        [
          0.12033976595424724,
          0.7720380463329816,
          0.6240797992449774,
          2.645311551001267
        ],
        [
          0.0,
          0.0,
          0.0,
          1.0
        ]
      ],
      "w": 1280.0,
      "h": 720.0,
      "fl_x": 1130.8655222251377,
      "fl_y": 1130.8655222251377,
      "k1": 0.07508565442099716,
      "k2": 0,
      "k3": 0,
      "k4": 0,
      "p1": 0,
      "p2": 0,
      "cx": 640.0,
      "cy": 360.0,
      "is_fisheye": false,
      "camera_angle_x": 1.0299948638105867,
      "camera_angle_y": 0.6163932614839319,
      "fovx": 59.014358616498626,
      "fovy": 35.31673240333306
    },
    {
      "file_path": "/home/doan/VA_0223/20250411_Final/Reconstruction_3D/data/processed_images/xe_F1_khan/frame_0032.png",
      "sharpness": 141.26712673611112,
      "transform_matrix": [
        [
          -0.9325525381451597,
          0.30883675325389554,
          -0.18699097175984253,
          -0.8754332182350671
        ],
        [
          -0.33873427694814773,
          -0.5692465424717534,
          0.749144487735519,
          3.1390364588239668
        ],
        [
          0.12491938716256692,
          0.7619568450901156,
          0.6354659023208621,
          2.7684970613115913
        ],
        [
          0.0,
          0.0,
          0.0,
          1.0
        ]
      ],
      "w": 1280.0,
      "h": 720.0,
      "fl_x": 1129.8874182144532,
      "fl_y": 1129.8874182144532,
      "k1": 0.08552982762600354,
      "k2": 0,
      "k3": 0,
      "k4": 0,
      "p1": 0,
      "p2": 0,
      "cx": 640.0,
      "cy": 360.0,
      "is_fisheye": false,
      "camera_angle_x": 1.0307368394161918,
      "camera_angle_y": 0.6168936590467858,
      "fovx": 59.05687068720146,
      "fovy": 35.34540307176322
    },
    {
      "file_path": "/home/doan/VA_0223/20250411_Final/Reconstruction_3D/data/processed_images/xe_F1_khan/frame_0029.png",
      "sharpness": 151.10894965277777,
      "transform_matrix": [
        [
          -0.9823277474508685,
          0.18262372964960188,
          -0.04099719549004655,
          -0.20964212044889868
        ],
        [
          -0.14467328912768948,
          -0.6018862314514734,
          0.7853678143406839,
          3.273312501171062
        ],
        [
          0.1187511519080683,
          0.777419795098252,
          0.6176703216045918,
          2.6493035091502835
        ],
        [
          0.0,
          0.0,
          0.0,
          1.0
        ]
      ],
      "w": 1280.0,
      "h": 720.0,
      "fl_x": 1131.5121453419024,
      "fl_y": 1131.5121453419024,
      "k1": 0.08855580253650136,
      "k2": 0,
      "k3": 0,
      "k4": 0,
      "p1": 0,
      "p2": 0,
      "cx": 640.0,
      "cy": 360.0,
      "is_fisheye": false,
      "camera_angle_x": 1.0295048783636982,
      "camera_angle_y": 0.6160628807145316,
      "fovx": 58.98628451836908,
      "fovy": 35.29780297961414
    },
    {
      "file_path": "/home/doan/VA_0223/20250411_Final/Reconstruction_3D/data/processed_images/xe_F1_khan/frame_0027.png",
      "sharpness": 154.11770182291667,
      "transform_matrix": [
        [
          -0.9927055177454063,
          0.10675192563184385,
          0.05603375315642071,
          0.04149168122617816
        ],
        [
          -0.02056953784418661,
          -0.6079108781260392,
          0.7937387847201673,
          3.297985662892065
        ],
        [
          0.11879667180357488,
          0.7867962828341407,
          0.6056723207873985,
          2.5729632070975574
        ],
        [
          0.0,
          0.0,
          0.0,
          1.0
        ]
      ],
      "w": 1280.0,
      "h": 720.0,
      "fl_x": 1137.4920678265032,
      "fl_y": 1137.4920678265032,
      "k1": 0.07633981538824286,
      "k2": 0,
      "k3": 0,
      "k4": 0,
      "p1": 0,
      "p2": 0,
      "cx": 640.0,
      "cy": 360.0,
      "is_fisheye": false,
      "camera_angle_x": 1.0249935619547124,
      "camera_angle_y": 0.6130237170597471,
      "fovx": 58.72780512808609,
      "fovy": 35.12367172894543
    },
    {
      "file_path": "/home/doan/VA_0223/20250411_Final/Reconstruction_3D/data/processed_images/xe_F1_khan/frame_0034.png",
      "sharpness": 93.79427300347223,
      "transform_matrix": [
        [
          -0.8749990035156967,
          0.3903432564159277,
          -0.28637193664572713,
          -1.3667653961879898
        ],
        [
          -0.4679752044741481,
          -0.5304572709052177,
          0.70683399164253,
          3.0918079180076683
        ],
        [
          0.12399980606627964,
          0.752494003945678,
          0.6468205486860698,
          2.8180680744940556
        ],
        [
          0.0,
          0.0,
          0.0,
          1.0
        ]
      ],
      "w": 1280.0,
      "h": 720.0,
      "fl_x": 1151.8110663129578,
      "fl_y": 1151.8110663129578,
      "k1": 0.05483234222967943,
      "k2": 0,
      "k3": 0,
      "k4": 0,
      "p1": 0,
      "p2": 0,
      "cx": 640.0,
      "cy": 360.0,
      "is_fisheye": false,
      "camera_angle_x": 1.0143362757125407,
      "camera_angle_y": 0.6058631342985855,
      "fovx": 58.117187605346814,
      "fovy": 34.71340055787674
    },
    {
      "file_path": "/home/doan/VA_0223/20250411_Final/Reconstruction_3D/data/processed_images/xe_F1_khan/frame_0033.png",
      "sharpness": 117.62366536458333,
      "transform_matrix": [
        [
          -0.9056282901124543,
          0.3500187236895794,
          -0.23942492204402435,
          -1.1387997999353023
        ],
        [
          -0.4057455367317195,
          -0.5509976690184549,
          0.7292270758540589,
          3.133811505776291
        ],
        [
          0.12332055641913918,
          0.7575542633111196,
          0.6410176117587114,
          2.8406079509409072
        ],
        [
          0.0,
          0.0,
          0.0,
          1.0
        ]
      ],
      "w": 1280.0,
      "h": 720.0,
      "fl_x": 1144.2321227991376,
      "fl_y": 1144.2321227991376,
      "k1": 0.05977987242187558,
      "k2": 0,
      "k3": 0,
      "k4": 0,
      "p1": 0,
      "p2": 0,
      "cx": 640.0,
      "cy": 360.0,
      "is_fisheye": false,
