{
  "frames": [
    {
      "file_path": "/home/doan/VA_0223/20250411_Final/Reconstruction_3D/data/processed_images/xe_F1_khan_80/frame_0000.png",
      "sharpness": 206.5707834201389,
      "transform_matrix": [
        [
          0.3442022563293878,
          -0.6624230420994801,
          0.6653724672032473,
          2.4510334475851825
        ],
        [
          0.9386576591812477,
          0.2587361541028203,
          -0.22798552897392216,
          -0.7213445590857227
        ],
        [
          -0.021133045552508445,
          0.7030300960319247,
          0.710846030120998,
          2.492198679888682
        ],
        [
          0.0,
          0.0,
          0.0,
          1.0
        ]
      ],
      "w": 1280.0,
      "h": 720.0,
      "fl_x": 1150.562743357858,
      "fl_y": 1150.562743357858,
      "k1": 0.01293565936636206,
      "k2": 0,
      "k3": 0,
      "k4": 0,
      "p1": 0,
      "p2": 0,
      "cx": 640.0,
      "cy": 360.0,
      "is_fisheye": false,
      "camera_angle_x": 1.0152573183739932,
      "camera_angle_y": 0.6064809329024696,
      "fovx": 58.169959462599536,
      "fovy": 34.748797810468375
    },
    {
      "file_path": "/home/doan/VA_0223/20250411_Final/Reconstruction_3D/data/processed_images/xe_F1_khan_80/frame_0003.png",
      "sharpness": 164.92921006944445,
      "transform_matrix": [
        [
          0.26451349563714655,
          -0.6718151901536308,
          0.6918792965419369,
          2.547834093712257
        ],
        [
          0.964087426551948,
          0.20194174023842776,
          -0.17249628261204558,
          -0.5978768068600376
        ],
        [
          -0.023833686274812145,
          0.7126597251858133,
          0.7011048934192367,
          2.518800697236729
        ],
        [
          0.0,
          0.0,
          0.0,
          1.0
        ]
      ],
      "w": 1280.0,
      "h": 720.0,
      "fl_x": 1146.790371996618,
      "fl_y": 1146.790371996618,
      "k1": 0.019403845124340742,
      "k2": 0,
      "k3": 0,
      "k4": 0,
      "p1": 0,
      "p2": 0,
      "cx": 640.0,
      "cy": 360.0,
      "is_fisheye": false,
      "camera_angle_x": 1.0180499618843617,
      "camera_angle_y": 0.6083553323842485,
      "fovx": 58.32996614942825,
      "fovy": 34.85619298989582
    },
    {
      "file_path": "/home/doan/VA_0223/20250411_Final/Reconstruction_3D/data/processed_images/xe_F1_khan_80/frame_0001.png",
      "sharpness": 175.35291883680554,
      "transform_matrix": [
        [
          0.32726674512948756,
          -0.6657504524124118,
          0.6705764779081708,
          2.454585480467982
        ],
        [
          0.9447025719138162,
          0.2461564104252115,
          -0.2166658077017518,
          -0.7117811771390931
        ],
        [
          -0.02082133921771461,
          0.7044028370121609,
          0.7094949718794095,
          2.4831938505815088
        ],
        [
          0.0,
          0.0,
          0.0,
          1.0
        ]
      ],
      "w": 1280.0,
      "h": 720.0,
      "fl_x": 1149.8700961958154,
      "fl_y": 1149.8700961958154,
      "k1": 0.010703789785865916,
      "k2": 0,
      "k3": 0,
      "k4": 0,
      "p1": 0,
      "p2": 0,
      "cx": 640.0,
      "cy": 360.0,
      "is_fisheye": false,
      "camera_angle_x": 1.0157690288258572,
      "camera_angle_y": 0.6068242529795885,
      "fovx": 58.19927831182408,
      "fovy": 34.7684686019094
    },
    {
      "file_path": "/home/doan/VA_0223/20250411_Final/Reconstruction_3D/data/processed_images/xe_F1_khan_80/frame_0004.png",
      "sharpness": 140.4958962673611,
      "transform_matrix": [
        [
          0.21666797078193417,
          -0.6739728164498524,
          0.7062688108663724,
          2.6363206172842437
        ],
        [
          0.9758700632437971,
          0.16958211889286431,
          -0.13754826286584132,
          -0.428531291648738
        ],
        [
          -0.027066771333187287,
          0.71902889212701,
          0.6944529085949352,
          2.5545558839479776
        ],
        [
          0.0,
          0.0,
          0.0,
          1.0
        ]
      ],
      "w": 1280.0,
      "h": 720.0,
      "fl_x": 1149.3401110581194,
      "fl_y": 1149.3401110581194,
      "k1": 0.024430963780071754,
      "k2": 0,
      "k3": 0,
      "k4": 0,
      "p1": 0,
      "p2": 0,
      "cx": 640.0,
      "cy": 360.0,
      "is_fisheye": false,
      "camera_angle_x": 1.0161608865958285,
      "camera_angle_y": 0.6070872018817356,
      "fovx": 58.22173010821284,
      "fovy": 34.783534464230016
    },
    {
      "file_path": "/home/doan/VA_0223/20250411_Final/Reconstruction_3D/data/processed_images/xe_F1_khan_80/frame_0005.png",
      "sharpness": 129.2414453125,
      "transform_matrix": [
        [
          0.1561182713587932,
          -0.6764182779088619,
          0.7197814937447748,
          2.750645734257509
        ],
        [
          0.9871843152733423,
          0.1312565788855262,
          -0.09076804602186292,
          -0.20330907227649508
        ],
        [
          -0.03307889103479207,
          0.7247275514884075,
          0.6882410647159106,
          2.570594555216887
        ],
        [
          0.0,
          0.0,
          0.0,
          1.0
        ]
      ],
      "w": 1280.0,
      "h": 720.0,
      "fl_x": 1149.2879667190475,
      "fl_y": 1149.2879667190475,
      "k1": 0.024475632221246154,
      "k2": 0,
      "k3": 0,
      "k4": 0,
      "p1": 0,
      "p2": 0,
      "cx": 640.0,
      "cy": 360.0,
      "is_fisheye": false,
      "camera_angle_x": 1.01619945572394,
      "camera_angle_y": 0.6071130849117596,
      "fovx": 58.22393995647313,
      "fovy": 34.785017452611406
    },
    {
      "file_path": "/home/doan/VA_0223/20250411_Final/Reconstruction_3D/data/processed_images/xe_F1_khan_80/frame_0006.png",
      "sharpness": 116.28764322916666,
      "transform_matrix": [
        [
          0.09045905036385499,
          -0.674751714231472,
          0.7324802280114234,
          2.83492653716587
        ],
        [
          0.995289451147772,
          0.08700500694701395,
          -0.04276724448890078,
          0.013482048621779978
        ],
        [
          -0.03487217579484201,
          0.7328985284372295,
          0.6794436536237877,
          2.573265562307967
        ],
        [
          0.0,
          0.0,
          0.0,
          1.0
        ]
      ],
      "w": 1280.0,
      "h": 720.0,
      "fl_x": 1150.1531912762948,
      "fl_y": 1150.1531912762948,
      "k1": 0.031188232618895244,
      "k2": 0,
      "k3": 0,
      "k4": 0,
      "p1": 0,
      "p2": 0,
      "cx": 640.0,
      "cy": 360.0,
      "is_fisheye": false,
      "camera_angle_x": 1.0155598283736067,
      "camera_angle_y": 0.6066838875079729,
      "fovx": 58.18729200883789,
      "fovy": 34.76042625279646
    },
    {
      "file_path": "/home/doan/VA_0223/20250411_Final/Reconstruction_3D/data/processed_images/xe_F1_khan_80/frame_0002.png",
      "sharpness": 163.2300607638889,
      "transform_matrix": [
        [
          0.30167781690545753,
          -0.6681630523770525,
          0.6801092782075869,
          2.5017259944296364
        ],
        [
          0.953175102664614,
          0.2271994648112884,
          -0.1995936543350599,
          -0.66983376918507
        ],
        [
          -0.02115935870635148,
          0.7084762089866568,
          0.7054174245925566,
          2.5205005843289867
        ],
        [
          0.0,
          0.0,
          0.0,
          1.0
        ]
      ],
      "w": 1280.0,
      "h": 720.0,
      "fl_x": 1153.9979067076001,
      "fl_y": 1153.9979067076001,
      "k1": 0.012721911931993726,
      "k2": 0,
      "k3": 0,
      "k4": 0,
      "p1": 0,
      "p2": 0,
      "cx": 640.0,
      "cy": 360.0,
      "is_fisheye": false,
      "camera_angle_x": 1.0127264441460457,
      "camera_angle_y": 0.6047837962406971,
      "fovx": 58.02495105085972,
      "fovy": 34.65155904249188
    },
    {
      "file_path": "/home/doan/VA_0223/20250411_Final/Reconstruction_3D/data/processed_images/xe_F1_khan_80/frame_0011.png",
      "sharpness": 141.10631510416667,
      "transform_matrix": [
        [
          -0.31276888197985564,
          -0.6137367338259715,
          0.7249157524129317,
          2.8194912605514855
        ],
        [
          0.949591906275134,
          -0.18498552346461392,
          0.25309201418918115,
          1.189875998322943
        ],
        [
          -0.021232946218053834,
          0.7675334375386488,
          0.6406571503813646,
          2.5463499216717134
        ],
        [
          0.0,
          0.0,
          0.0,
          1.0
        ]
      ],
      "w": 1280.0,
      "h": 720.0,
      "fl_x": 1150.516983704965,
      "fl_y": 1150.516983704965,
      "k1": 0.03981722736298743,
      "k2": 0,
      "k3": 0,
      "k4": 0,
      "p1": 0,
      "p2": 0,
      "cx": 640.0,
      "cy": 360.0,
      "is_fisheye": false,
      "camera_angle_x": 1.0152911099491542,
      "camera_angle_y": 0.6065036026874217,
      "fovx": 58.17189557723936,
      "fovy": 34.7500966934686
    },
    {
      "file_path": "/home/doan/VA_0223/20250411_Final/Reconstruction_3D/data/processed_images/xe_F1_khan_80/frame_0009.png",
      "sharpness": 103.6160568576389,
      "transform_matrix": [
        [
          -0.1470947250594441,
          -0.6518515522871872,
          0.7439440138338224,
          2.741962625191823
        ],
        [
          0.98851169689694,
          -0.07045250926932474,
          0.1337201145551596,
          0.6629878534244072
        ],
        [
          -0.03475294171431527,
          0.755066882996601,
          0.6547260765570309,
          2.4563371902567397
        ],
        [
          0.0,
          0.0,
          0.0,
          1.0
        ]
      ],
      "w": 1280.0,
      "h": 720.0,
      "fl_x": 1146.7379510852932,
      "fl_y": 1146.7379510852932,
      "k1": 0.030162307196349093,
      "k2": 0,
      "k3": 0,
      "k4": 0,
      "p1": 0,
      "p2": 0,
      "cx": 640.0,
      "cy": 360.0,
      "is_fisheye": false,
      "camera_angle_x": 1.0180888672069355,
      "camera_angle_y": 0.6083814581481385,
      "fovx": 58.33219526021232,
      "fovy": 34.85768988590326
    },
    {
      "file_path": "/home/doan/VA_0223/20250411_Final/Reconstruction_3D/data/processed_images/xe_F1_khan_80/frame_0007.png",
      "sharpness": 109.08556640625,
      "transform_matrix": [
        [
          0.019069431981150457,
          -0.6708427761851286,
          0.7413543865674859,
          2.831942283632015
        ],
        [
          0.9992558534007729,
          0.037652555064588304,
          0.008368066829203852,
          0.23870956736508508
        ],
        [
          -0.03352754404561214,
          0.7406431359406864,
          0.6710615836523351,
          2.536786156355329
        ],
        [
          0.0,
          0.0,
          0.0,
          1.0
        ]
      ],
      "w": 1280.0,
      "h": 720.0,
      "fl_x": 1156.2938495365106,
      "fl_y": 1156.2938495365106,
      "k1": 0.02060653878410836,
      "k2": 0,
      "k3": 0,
      "k4": 0,
      "p1": 0,
      "p2": 0,
      "cx": 640.0,
      "cy": 360.0,
      "is_fisheye": false,
      "camera_angle_x": 1.0110413108996017,
      "camera_angle_y": 0.6036546138237086,
      "fovx": 57.92840002792129,
      "fovy": 34.58686165569806
    },
    {
      "file_path": "/home/doan/VA_0223/20250411_Final/Reconstruction_3D/data/processed_images/xe_F1_khan_80/frame_0010.png",
      "sharpness": 137.97185546875,
      "transform_matrix": [
        [
          -0.2301914966731738,
          -0.6347413656877355,
          0.737641697318515,
          2.800420781114185
        ],
        [
          0.9726921234967721,
          -0.1269428218182283,
          0.1943078816652135,
          0.9681968387480057
        ],
        [
          -0.029696931623668807,
          0.7622262910404192,
          0.6466290850082986,
          2.5055512503686477
        ],
        [
          0.0,
          0.0,
          0.0,
          1.0
        ]
      ],
      "w": 1280.0,
      "h": 720.0,
      "fl_x": 1145.45523492354,
      "fl_y": 1145.45523492354,
      "k1": 0.03537530093705531,
      "k2": 0,
      "k3": 0,
      "k4": 0,
      "p1": 0,
      "p2": 0,
      "cx": 640.0,
      "cy": 360.0,
      "is_fisheye": false,
      "camera_angle_x": 1.0190417087820127,
      "camera_angle_y": 0.6090214220683218,
      "fovx": 58.38678906100885,
      "fovy": 34.894357117570415
    },
    {
      "file_path": "/home/doan/VA_0223/20250411_Final/Reconstruction_3D/data/processed_images/xe_F1_khan_80/frame_0008.png",
      "sharpness": 139.44866970486112,
      "transform_matrix": [
        [
          -0.05960547977862504,
          -0.6637945607992977,
          0.7455360272396866,
          2.783089013202613
        ],
        [
          0.9976943918845715,
          -0.015335437151422507,
          0.06611145718033083,
          0.467239502027046
        ],
        [
          -0.032451304792963834,
          0.7477577184490362,
          0.663178186761967,
          2.4760027187561082
        ],
        [
          0.0,
          0.0,
          0.0,
          1.0
        ]
      ],
      "w": 1280.0,
      "h": 720.0,
      "fl_x": 1153.240088404508,
      "fl_y": 1153.240088404508,
      "k1": 0.019083017680861857,
      "k2": 0,
      "k3": 0,
      "k4": 0,
      "p1": 0,
      "p2": 0,
      "cx": 640.0,
      "cy": 360.0,
      "is_fisheye": false,
      "camera_angle_x": 1.0132837798031589,
      "camera_angle_y": 0.6051574031154942,
      "fovx": 58.056884031784456,
      "fovy": 34.67296513961483
    },
    {
      "file_path": "/home/doan/VA_0223/20250411_Final/Reconstruction_3D/data/processed_images/xe_F1_khan_80/frame_0012.png",
      "sharpness": 164.7290798611111,
      "transform_matrix": [
        [
          -0.39715853024722153,
          -0.5867790110658336,
          0.7056596163187862,
          2.792400324578766
        ],
        [
          0.9176539408250414,
          -0.24277767201416364,
          0.314595370056064,
          1.3535398744675111
        ],
        [
          -0.013279561243104351,
          0.7724955625900678,
          0.6348812952919699,
          2.5588490505496475
        ],
        [
          0.0,
          0.0,
          0.0,
          1.0
        ]
      ],
      "w": 1280.0,
      "h": 720.0,
      "fl_x": 1153.237973132458,
      "fl_y": 1153.237973132458,
      "k1": 0.04268662526899205,
      "k2": 0,
      "k3": 0,
      "k4": 0,
      "p1": 0,
      "p2": 0,
      "cx": 640.0,
      "cy": 360.0,
      "is_fisheye": false,
      "camera_angle_x": 1.0132853362587086,
      "camera_angle_y": 0.6051584465776352,
      "fovx": 58.05697321011845,
      "fovy": 34.67302492559159
    },
    {
      "file_path": "/home/doan/VA_0223/20250411_Final/Reconstruction_3D/data/processed_images/xe_F1_khan_80/frame_0019.png",
      "sharpness": 127.38806206597222,
      "transform_matrix": [
        [
          -0.8172107450241445,
          -0.3188860018365018,
          0.48008157236923865,
          1.8906672854387843
        ],
        [
          0.5753311929095173,
          -0.5006070975895274,
          0.6468280701309722,
          2.866754354511794
        ],
        [
          0.034067825390295174,
          0.8048007528193323,
          0.5925665630242536,
          2.4990804031872274
        ],
        [
          0.0,
          0.0,
          0.0,
          1.0
        ]
      ],
      "w": 1280.0,
      "h": 720.0,
      "fl_x": 1138.2448780112115,
      "fl_y": 1138.2448780112115,
      "k1": 0.051030455853628656,
      "k2": 0,
      "k3": 0,
      "k4": 0,
      "p1": 0,
      "p2": 0,
      "cx": 640.0,
      "cy": 360.0,
      "is_fisheye": false,
      "camera_angle_x": 1.0244281850608616,
      "camera_angle_y": 0.6126431747689985,
      "fovx": 58.69541141823423,
      "fovy": 35.1018682617593
    },
    {
      "file_path": "/home/doan/VA_0223/20250411_Final/Reconstruction_3D/data/processed_images/xe_F1_khan_80/frame_0017.png",
      "sharpness": 137.6731488715278,
      "transform_matrix": [
        [
          -0.737337730899276,
          -0.39345284939061287,
          0.5491155852618115,
          2.0930628831785314
        ],
        [
          0.6751892815129782,
          -0.45483978818871323,
          0.5807238596884852,
          2.750113019598966
        ],
        [
          0.02127215918805464,
          0.7989465704622783,
          0.6010256840350552,
          2.5781827296426445
        ],
        [
          0.0,
          0.0,
          0.0,
          1.0
        ]
      ],
      "w": 1280.0,
      "h": 720.0,
      "fl_x": 1145.2487299151558,
      "fl_y": 1145.2487299151558,
      "k1": 0.046034167992315425,
      "k2": 0,
      "k3": 0,
      "k4": 0,
      "p1": 0,
      "p2": 0,
      "cx": 640.0,
      "cy": 360.0,
      "is_fisheye": false,
      "camera_angle_x": 1.0191952591634823,
      "camera_angle_y": 0.6091245720561643,
      "fovx": 58.395586849809675,
      "fovy": 34.90026717653062
    },
    {
      "file_path": "/home/doan/VA_0223/20250411_Final/Reconstruction_3D/data/processed_images/xe_F1_khan_80/frame_0021.png",
      "sharpness": 109.39001301930752,
      "transform_matrix": [
        [
          -0.8790930833823161,
          -0.2552421033216402,
          0.4025503937645879,
          1.5491343020454058
        ],
        [
          0.4751539679941025,
          -0.5361320543612679,
          0.6977041830080157,
          3.025729779300719
        ],
        [
          0.0377366864256733,
          0.8046203384440888,
          0.5925892789609805,
          2.4415535003230273
        ],
        [
          0.0,
          0.0,
          0.0,
          1.0
        ]
      ],
      "w": 1280.0,
      "h": 720.0,
      "fl_x": 1145.1982346940151,
      "fl_y": 1145.1982346940151,
      "k1": 0.05511592290091404,
      "k2": 0,
      "k3": 0,
      "k4": 0,
      "p1": 0,
      "p2": 0,
      "cx": 640.0,
      "cy": 360.0,
      "is_fisheye": false,
      "camera_angle_x": 1.0192328121820216,
      "camera_angle_y": 0.6091497997504535,
      "fovx": 58.39773847927995,
      "fovy": 34.90171261694023
    },
    {
      "file_path": "/home/doan/VA_0223/20250411_Final/Reconstruction_3D/data/processed_images/xe_F1_khan_80/frame_0015.png",
      "sharpness": 98.52343098958333,
      "transform_matrix": [
        [
          -0.6272058949713537,
          -0.47554930504119475,
          0.6168189555021206,
          2.3535640171328662
        ],
        [
          0.7788317818688433,
          -0.3888596533473704,
          0.4921475648122445,
          2.1950577777764297
        ],
        [
          0.0058155727904625615,
          0.7890760600502316,
          0.6142679795077116,
          2.573417463352466
        ],
        [
          0.0,
          0.0,
          0.0,
          1.0
        ]
      ],
      "w": 1280.0,
      "h": 720.0,
      "fl_x": 1132.0672985736383,
      "fl_y": 1132.0672985736383,
      "k1": 0.060897628927467716,
      "k2": 0,
      "k3": 0,
      "k4": 0,
      "p1": 0,
      "p2": 0,
      "cx": 640.0,
      "cy": 360.0,
      "is_fisheye": false,
      "camera_angle_x": 1.0290845435555958,
      "camera_angle_y": 0.6157795083279346,
      "fovx": 58.96220110788238,
      "fovy": 35.281566937831585
    },
    {
      "file_path": "/home/doan/VA_0223/20250411_Final/Reconstruction_3D/data/processed_images/xe_F1_khan_80/frame_0016.png",
      "sharpness": 108.8172634548611,
      "transform_matrix": [
        [
          -0.6855590513153197,
          -0.4340570775350321,
          0.58446834018627,
          2.186094941942354
        ],
        [
          0.7278724424982064,
          -0.4246608885345015,
          0.5383909705797819,
          2.4952720409185574
        ],
        [
          0.014508433402677282,
          0.7945172013616624,
          0.607068301083491,
          2.6101729230147037
        ],
        [
          0.0,
          0.0,
          0.0,
          1.0
        ]
      ],
      "w": 1280.0,
      "h": 720.0,
      "fl_x": 1132.5816328240298,
      "fl_y": 1132.5816328240298,
      "k1": 0.06530944602373599,
      "k2": 0,
      "k3": 0,
      "k4": 0,
      "p1": 0,
      "p2": 0,
      "cx": 640.0,
      "cy": 360.0,
      "is_fisheye": false,
      "camera_angle_x": 1.0286953935783363,
      "camera_angle_y": 0.6155171967327199,
      "fovx": 58.939904456587804,
      "fovy": 35.266537590508435
    },
    {
      "file_path": "/home/doan/VA_0223/20250411_Final/Reconstruction_3D/data/processed_images/xe_F1_khan_80/frame_0014.png",
      "sharpness": 105.70344618055556,
      "transform_matrix": [
        [
          -0.5608047600975944,
          -0.5147070071282671,
          0.6485173227783887,
          2.569608314626229
        ],
        [
          0.8279438485859051,
          -0.34612750717690943,
          0.44125359190075203,
          1.9420745413599247
        ],
        [
          -0.0026466313775069805,
          0.7843930428438698,
          0.6202584540014354,
          2.521539513066862
        ],
        [
          0.0,
          0.0,
          0.0,
          1.0
        ]
      ],
      "w": 1280.0,
      "h": 720.0,
      "fl_x": 1153.1622379034634,
      "fl_y": 1153.1622379034634,
      "k1": 0.052149112510690585,
      "k2": 0,
      "k3": 0,
      "k4": 0,
      "p1": 0,
      "p2": 0,
      "cx": 640.0,
      "cy": 360.0,
      "is_fisheye": false,
      "camera_angle_x": 1.013341066490463,
      "camera_angle_y": 0.6051958090084241,
      "fovx": 58.06016631718926,
      "fovy": 34.675165635188144
    },
    {
      "file_path": "/home/doan/VA_0223/20250411_Final/Reconstruction_3D/data/processed_images/xe_F1_khan_80/frame_0022.png",
      "sharpness": 114.16235026041667,
      "transform_matrix": [
        [
          -0.9043279710769447,
          -0.22373221223497286,
          0.36350353232810423,
          1.3561666932186094
        ],
        [
          0.42495985490349886,
          -0.5517361293255447,
          0.7176324723131748,
          3.084123691810722
        ],
        [
          0.0400005313205917,
          0.8034495260209658,
          0.5940276228514296,
          2.5035987339354784
        ],
        [
          0.0,
          0.0,
          0.0,
          1.0
        ]
      ],
      "w": 1280.0,
      "h": 720.0,
      "fl_x": 1144.4742241470517,
      "fl_y": 1144.4742241470517,
      "k1": 0.04343708070206182,
      "k2": 0,
      "k3": 0,
      "k4": 0,
      "p1": 0,
      "p2": 0,
      "cx": 640.0,
      "cy": 360.0,
      "is_fisheye": false,
      "camera_angle_x": 1.0197715324566932,
      "camera_angle_y": 0.6095117422176501,
      "fovx": 58.42860487735677,
      "fovy": 34.922450392737154
    },
    {
      "file_path": "/home/doan/VA_0223/20250411_Final/Reconstruction_3D/data/processed_images/xe_F1_khan_80/frame_0013.png",
      "sharpness": 127.68481553819444,
      "transform_matrix": [
        [
          -0.48479958489140135,
          -0.5524088527573293,
          0.6780957321523,
          2.7347967388240995
        ],
        [
          0.8745520862020517,
          -0.2961420200275442,
          0.38400332354642686,
          1.6415065065937255
        ],
        [
          -0.01131419552364446,
          0.7791946890507278,
          0.6266798429936589,
          2.541932135367668
        ],
        [
          0.0,
          0.0,
          0.0,
          1.0
        ]
      ],
      "w": 1280.0,
      "h": 720.0,
      "fl_x": 1155.7163924371303,
      "fl_y": 1155.7163924371303,
      "k1": 0.04935948298229458,
      "k2": 0,
      "k3": 0,
      "k4": 0,
      "p1": 0,
      "p2": 0,
      "cx": 640.0,
      "cy": 360.0,
      "is_fisheye": false,
      "camera_angle_x": 1.0114646598076462,
      "camera_angle_y": 0.6039382317814129,
      "fovx": 57.952656133613715,
      "fovy": 34.60311176766864
    },
    {
      "file_path": "/home/doan/VA_0223/20250411_Final/Reconstruction_3D/data/processed_images/xe_F1_khan_80/frame_0020.png",
      "sharpness": 90.3644140625,
      "transform_matrix": [
        [
          -0.8494004472043448,
          -0.28565648802942983,
          0.44375584640031335,
          1.712273744950263
        ],
        [
          0.5264289334532825,
          -0.5180406411532511,
          0.6741709517161244,
          2.948371521478346
        ],
        [
          0.03730225678603559,
          0.8062470248140305,
          0.5904017925929401,
          2.445327198514882
        ],
        [
          0.0,
          0.0,
          0.0,
          1.0
        ]
      ],
      "w": 1280.0,
      "h": 720.0,
      "fl_x": 1142.0542746330573,
      "fl_y": 1142.0542746330573,
      "k1": 0.06069657498571908,
      "k2": 0,
      "k3": 0,
      "k4": 0,
      "p1": 0,
      "p2": 0,
      "cx": 640.0,
      "cy": 360.0,
      "is_fisheye": false,
      "camera_angle_x": 1.0215759372603925,
      "camera_angle_y": 0.6107245368434414,
      "fovx": 58.53198965714187,
      "fovy": 34.99193840621114
    },
    {
      "file_path": "/home/doan/VA_0223/20250411_Final/Reconstruction_3D/data/processed_images/xe_F1_khan_80/frame_0023.png",
      "sharpness": 123.88156684027778,
      "transform_matrix": [
        [
          -0.926862147819403,
          -0.1898251370822127,
          0.32387185174082284,
          1.145309303050369
        ],
        [
          0.372849758017067,
          -0.565917189902733,
          0.7353371962033918,
          3.1386671545273397
        ],
        [
          0.04369916415480234,
          0.8023117545946787,
          0.5953034785478278,
          2.5137974373822543
        ],
        [
          0.0,
          0.0,
          0.0,
          1.0
        ]
      ],
      "w": 1280.0,
      "h": 720.0,
      "fl_x": 1141.280474758358,
      "fl_y": 1141.280474758358,
      "k1": 0.0607610878394256,
      "k2": 0,
      "k3": 0,
      "k4": 0,
      "p1": 0,
      "p2": 0,
      "cx": 640.0,
      "cy": 360.0,
      "is_fisheye": false,
      "camera_angle_x": 1.0221541400377965,
      "camera_angle_y": 0.6111133255750907,
      "fovx": 58.56511823598986,
      "fovy": 35.01421435965688
    },
    {
      "file_path": "/home/doan/VA_0223/20250411_Final/Reconstruction_3D/data/processed_images/xe_F1_khan_80/frame_0018.png",
      "sharpness": 135.6348654513889,
      "transform_matrix": [
        [
          -0.780396269893608,
          -0.3542298465882381,
          0.5152697136460901,
          2.0022666050659663
        ],
        [
          0.6246189859798048,
          -0.4796621620999512,
          0.6162591440329446,
          2.8197249624671095
        ],
        [
          0.028858002862717592,
          0.8027735833348628,
          0.5955852496916321,
          2.5314449212144954
        ],
        [
          0.0,
          0.0,
          0.0,
          1.0
        ]
      ],
      "w": 1280.0,
      "h": 720.0,
      "fl_x": 1139.2197995414406,
      "fl_y": 1139.2197995414406,
      "k1": 0.05550006096775435,
      "k2": 0,
      "k3": 0,
      "k4": 0,
      "p1": 0,
      "p2": 0,
      "cx": 640.0,
      "cy": 360.0,
      "is_fisheye": false,
      "camera_angle_x": 1.0236968415785463,
      "camera_angle_y": 0.612151035651009,
      "fovx": 58.653508523323154,
      "fovy": 35.07367076736521
    },
    {
      "file_path": "/home/doan/VA_0223/20250411_Final/Reconstruction_3D/data/processed_images/xe_F1_khan_80/frame_0024.png",
      "sharpness": 150.2799826388889,
      "transform_matrix": [
        [
          -0.9481462028260109,
          -0.15151619734837873,
          0.2793950967472618,
          1.00398254920551
        ],
        [
          0.31414083775162693,
          -0.5803694614245835,
          0.7513233806447805,
          3.1751909303853223
        ],
        [
          0.048314720209652065,
          0.8001338202086319,
          0.5978725262538562,
          2.5103155049699204
        ],
        [
          0.0,
          0.0,
          0.0,
          1.0
        ]
      ],
      "w": 1280.0,
      "h": 720.0,
      "fl_x": 1145.118728943968,
      "fl_y": 1145.118728943968,
      "k1": 0.07309377181321794,
      "k2": 0,
      "k3": 0,
      "k4": 0,
      "p1": 0,
      "p2": 0,
      "cx": 640.0,
      "cy": 360.0,
      "is_fisheye": false,
      "camera_angle_x": 1.019291945286477,
      "camera_angle_y": 0.6091895253707471,
      "fovx": 58.401126556594754,
      "fovy": 34.9039887273216
    },
    {
      "file_path": "/home/doan/VA_0223/20250411_Final/Reconstruction_3D/data/processed_images/xe_F1_khan_80/frame_0025.png",
      "sharpness": 143.05050998263889,
      "transform_matrix": [
        [
          -0.9681580487559044,
          -0.11026193461394868,
          0.2247494126422947,
          0.875946937712714
        ],
        [
          0.24550333785825634,
          -0.5938057011434892,
          0.7662394536899029,
          3.1955451113644986
        ],
        [
          0.04897043801426138,
          0.7970176253495728,
          0.6019674419456456,
          2.5614053400629784
        ],
        [
          0.0,
          0.0,
          0.0,
          1.0
        ]
      ],
      "w": 1280.0,
      "h": 720.0,
      "fl_x": 1129.7133801102948,
      "fl_y": 1129.7133801102948,
      "k1": 0.07048732158436896,
      "k2": 0,
      "k3": 0,
      "k4": 0,
      "p1": 0,
      "p2": 0,
      "cx": 640.0,
      "cy": 360.0,
      "is_fisheye": false,
      "camera_angle_x": 1.0308689641537703,
      "camera_angle_y": 0.6169827792984693,
      "fovx": 59.06444087703399,
      "fovy": 35.35050928605383
    },
    {
      "file_path": "/home/doan/VA_0223/20250411_Final/Reconstruction_3D/data/processed_images/xe_F1_khan_80/frame_0026.png",
      "sharpness": 152.63016710069445,
      "transform_matrix": [
        [
          -0.9836116162725661,
          -0.06375511454410918,
          0.16865193085714997,
          0.6898792714271852
        ],
        [
          0.17259116555943516,
          -0.6035347139273884,
          0.7784331304977182,
          3.2651601615312833
        ],
        [
          0.05215820144336017,
          0.7947837029694588,
          0.6046473249722627,
          2.552631873267452
        ],
        [
          0.0,
          0.0,
          0.0,
          1.0
        ]
      ],
      "w": 1280.0,
      "h": 720.0,
      "fl_x": 1138.6432670416932,
      "fl_y": 1138.6432670416932,
      "k1": 0.06937641966033517,
      "k2": 0,
      "k3": 0,
      "k4": 0,
      "p1": 0,
      "p2": 0,
      "cx": 640.0,
      "cy": 360.0,
      "is_fisheye": false,
      "camera_angle_x": 1.0241292160459652,
      "camera_angle_y": 0.6124419759320986,
      "fovx": 58.678281755475474,
      "fovy": 35.09034041756199
    },
    {
      "file_path": "/home/doan/VA_0223/20250411_Final/Reconstruction_3D/data/processed_images/xe_F1_khan_80/frame_0028.png",
      "sharpness": 141.26712673611112,
      "transform_matrix": [
        [
          -0.9978915035623579,
          0.03639393832180011,
          0.05374038007116004,
          0.1428723697122788
        ],
        [
          0.020329236677516453,
          -0.6110697150200652,
          0.7913156927058013,
          3.350439113781525
        ],
        [
          0.06163821324856128,
          0.7907397072922876,
          0.6090414157170237,
          2.6366058005837476
        ],
        [
          0.0,
          0.0,
          0.0,
          1.0
        ]
      ],
      "w": 1280.0,
      "h": 720.0,
      "fl_x": 1138.3883500264767,
      "fl_y": 1138.3883500264767,
      "k1": 0.05307180705751785,
      "k2": 0,
      "k3": 0,
      "k4": 0,
      "p1": 0,
      "p2": 0,
      "cx": 640.0,
      "cy": 360.0,
      "is_fisheye": false,
      "camera_angle_x": 1.0243204988994,
      "camera_angle_y": 0.612570702193859,
      "fovx": 58.689241455670505,
      "fovy": 35.09771588907336
    },
    {
      "file_path": "/home/doan/VA_0223/20250411_Final/Reconstruction_3D/data/processed_images/xe_F1_khan_80/frame_0044.png",
      "sharpness": 101.17302734375,
      "transform_matrix": [
        [
          -0.3449525498684932,
          0.6391933184995169,
          -0.687342447404135,
          -2.544808621490734
        ],
        [
          -0.9361498010558127,
          -0.18119800029089905,
          0.301315174982604,
          1.1207413938191926
        ],
        [
          0.06805356962671152,
          0.7473949333189179,
          0.6608854101809458,
          2.693126047665173
        ],
        [
          0.0,
          0.0,
          0.0,
          1.0
        ]
      ],
      "w": 1280.0,
      "h": 720.0,
      "fl_x": 1121.9951462488295,
      "fl_y": 1121.9951462488295,
      "k1": 0.07181906559059534,
      "k2": 0,
      "k3": 0,
      "k4": 0,
      "p1": 0,
      "p2": 0,
      "cx": 640.0,
      "cy": 360.0,
      "is_fisheye": false,
      "camera_angle_x": 1.0367595591113954,
      "camera_angle_y": 0.6209602970692671,
      "fovx": 59.40194710692695,
      "fovy": 35.57840426725883
    },
    {
      "file_path": "/home/doan/VA_0223/20250411_Final/Reconstruction_3D/data/processed_images/xe_F1_khan_80/frame_0029.png",
      "sharpness": 98.90141276041666,
      "transform_matrix": [
        [
          -0.9960548395994051,
          0.08823192788243138,
          -0.009480690452734516,
          -0.13814990686136386
        ],
        [
          -0.0614727855496382,
          -0.6089980053813631,
          0.7907860178830595,
          3.4474630215439483
        ],
        [
          0.0639988533249398,
          0.7882490446510265,
          0.6120192729478389,
          2.691277705680404
        ],
        [
          0.0,
          0.0,
          0.0,
          1.0
        ]
      ],
      "w": 1280.0,
      "h": 720.0,
      "fl_x": 1150.4876980795643,
      "fl_y": 1150.4876980795643,
      "k1": 0.052117075359700706,
      "k2": 0,
      "k3": 0,
      "k4": 0,
      "p1": 0,
      "p2": 0,
      "cx": 640.0,
      "cy": 360.0,
      "is_fisheye": false,
      "camera_angle_x": 1.0153127372265902,
      "camera_angle_y": 0.6065181119380746,
      "fovx": 58.17313472895881,
      "fovy": 34.75092801229491
    },
    {
      "file_path": "/home/doan/VA_0223/20250411_Final/Reconstruction_3D/data/processed_images/xe_F1_khan_80/frame_0027.png",
      "sharpness": 125.29298394097222,
      "transform_matrix": [
        [
          -0.9935132974049803,
          -0.014566231067779094,
          0.11277922180380077,
          0.4424514223755934
        ],
        [
          0.09824677047246111,
          -0.6093519491521816,
          0.786789536125911,
          3.2954464451813696
        ],
        [
          0.0572616804450916,
          0.7927660607188092,
          0.6068303494427004,
          2.5696049397951772
        ],
        [
          0.0,
          0.0,
          0.0,
          1.0
        ]
      ],
      "w": 1280.0,
      "h": 720.0,
      "fl_x": 1137.4793333743007,
      "fl_y": 1137.4793333743007,
      "k1": 0.06119010408288765,
      "k2": 0,
      "k3": 0,
      "k4": 0,
      "p1": 0,
      "p2": 0,
      "cx": 640.0,
      "cy": 360.0,
      "is_fisheye": false,
      "camera_angle_x": 1.025003130695713,
      "camera_angle_y": 0.6130301582082299,
      "fovx": 58.72835337656068,
      "fovy": 35.124040779568716
    },
    {
      "file_path": "/home/doan/VA_0223/20250411_Final/Reconstruction_3D/data/processed_images/xe_F1_khan_80/frame_0030.png",
      "sharpness": 96.85414713541667,
      "transform_matrix": [
        [
          -0.9877139940591684,
          0.1403737445148481,
          -0.06867516195301301,
          -0.36905567742349815
        ],
        [
          -0.14046446846620675,
          -0.6048774671122382,
          0.7838322415411643,
          3.4565413589438196
        ],
        [
          0.06848940880093891,
          0.7838484940855349,
          0.6171634623677112,
          2.627814417871747
        ],
        [
          0.0,
          0.0,
          0.0,
          1.0
        ]
      ],
      "w": 1280.0,
      "h": 720.0,
      "fl_x": 1155.0097345293996,
      "fl_y": 1155.0097345293996,
      "k1": 0.039571599992235584,
      "k2": 0,
      "k3": 0,
      "k4": 0,
      "p1": 0,
      "p2": 0,
      "cx": 640.0,
      "cy": 360.0,
      "is_fisheye": false,
      "camera_angle_x": 1.011983169943525,
      "camera_angle_y": 0.6042856584155719,
      "fovx": 57.98236457603433,
      "fovy": 34.623017847496385
    },
    {
      "file_path": "/home/doan/VA_0223/20250411_Final/Reconstruction_3D/data/processed_images/xe_F1_khan_80/frame_0031.png",
      "sharpness": 137.75783087779743,
      "transform_matrix": [
        [
          -0.9736319934963191,
          0.19061744547987985,
          -0.12532250714782278,
          -0.48686533735601933
        ],
        [
          -0.21620196107564105,
          -0.5957595142009301,
          0.7735162010372997,
          3.349460928427112
        ],
        [
          0.07278360630220151,
          0.7802150926299208,
          0.6212623889838291,
          2.560952069991015
        ],
        [
          0.0,
          0.0,
          0.0,
          1.0
        ]
      ],
      "w": 1280.0,
      "h": 720.0,
      "fl_x": 1158.802768404152,
      "fl_y": 1158.802768404152,
      "k1": 0.025626330794382188,
      "k2": 0,
      "k3": 0,
      "k4": 0,
      "p1": 0,
      "p2": 0,
      "cx": 640.0,
      "cy": 360.0,
      "is_fisheye": false,
      "camera_angle_x": 1.0092057093358058,
      "camera_angle_y": 0.6024253514506052,
      "fovx": 57.82322780544817,
      "fovy": 34.516430109805
    },
    {
      "file_path": "/home/doan/VA_0223/20250411_Final/Reconstruction_3D/data/processed_images/xe_F1_khan_80/frame_0032.png",
      "sharpness": 131.67724392361112,
      "transform_matrix": [
        [
          -0.9541572856363111,
          0.24015147241430745,
          -0.17863690728148596,
          -0.5674799040656964
        ],
        [
          -0.2888424025133139,
          -0.5823868016138948,
          0.7598655669375547,
          3.1345151012909156
        ],
        [
          0.07844705765512375,
          0.7766291802743664,
          0.6250545380775853,
          2.4952302320793414
        ],
        [
          0.0,
          0.0,
          0.0,
          1.0
        ]
      ],
      "w": 1280.0,
      "h": 720.0,
      "fl_x": 1143.9528400803113,
      "fl_y": 1143.9528400803113,
      "k1": 0.03998470719229781,
      "k2": 0,
      "k3": 0,
      "k4": 0,
      "p1": 0,
      "p2": 0,
      "cx": 640.0,
      "cy": 360.0,
      "is_fisheye": false,
      "camera_angle_x": 1.0201598045472164,
      "camera_angle_y": 0.6097726472242853,
      "fovx": 58.45085122944647,
      "fovy": 34.93739914847118
    },
    {
      "file_path": "/home/doan/VA_0223/20250411_Final/Reconstruction_3D/data/processed_images/xe_F1_khan_80/frame_0035.png",
      "sharpness": 98.28045138888889,
      "transform_matrix": [
        [
          -0.8589082276362162,
          0.38294049390244966,
          -0.3400488710571887,
          -1.1036661079754422
        ],
        [
          -0.5046655248535236,
          -0.5199314716808336,
          0.6891908101398166,
          2.837909705720536
        ],
        [
          0.08711695925580054,
          0.7635625992282823,
          0.639830284176622,
          2.6603708472365937
        ],
        [
          0.0,
          0.0,
          0.0,
          1.0
        ]
      ],
      "w": 1280.0,
      "h": 720.0,
      "fl_x": 1143.7760910798963,
      "fl_y": 1143.7760910798963,
      "k1": 0.04552591939727469,
      "k2": 0,
      "k3": 0,
      "k4": 0,
      "p1": 0,
      "p2": 0,
      "cx": 640.0,
