{
  "frames": [
    {
      "file_path": "/home/doan/VA_0223/20250411_Final/Reconstruction_3D/data/processed_images/quadiacau/frame_0011.png",
      "sharpness": 22.61627161299625,
      "transform_matrix": [
        [
          -0.1299060594875291,
          -0.20823926266620443,
          0.9694126186882996,
          3.6077024193186844
        ],
        [
          0.9894511318625704,
          0.03599622796999152,
          0.14032365883316894,
          0.391395776478288
        ],
        [
          -0.06411609286933362,
          0.977415306374886,
          0.20136644601130668,
          0.5986036117385269
        ],
        [
          0.0,
          0.0,
          0.0,
          1.0
        ]
      ],
      "w": 720.0,
      "h": 1280.0,
      "fl_x": 1137.9178078908167,
      "fl_y": 1137.9178078908167,
      "k1": 0.0321460604912086,
      "k2": 0,
      "k3": 0,
      "k4": 0,
      "p1": 0,
      "p2": 0,
      "cx": 360.0,
      "cy": 640.0,
      "is_fisheye": false,
      "camera_angle_x": 0.6128084510701584,
      "camera_angle_y": 1.0246737520493456,
      "fovx": 35.11133789626929,
      "fovy": 58.70948137026209
    },
    {
      "file_path": "/home/doan/VA_0223/20250411_Final/Reconstruction_3D/data/processed_images/quadiacau/frame_0000.png",
      "sharpness": 130.66909721903858,
      "transform_matrix": [
        [
          -0.013157043106118118,
          -0.6431598049303464,
          0.7656189376041527,
          2.761276325966346
        ],
        [
          0.9985844130603175,
          0.03101296812191913,
          0.043213028148541915,
          0.21884850267713168
        ],
        [
          -0.05153699845992097,
          0.7651036931094031,
          0.6418413173519295,
          2.9958645836984488
        ],
        [
          0.0,
          0.0,
          0.0,
          1.0
        ]
      ],
      "w": 720.0,
      "h": 1280.0,
      "fl_x": 1136.4484259112921,
      "fl_y": 1136.4484259112921,
      "k1": 0.12226340164054898,
      "k2": 0,
      "k3": 0,
      "k4": 0,
      "p1": 0,
      "p2": 0,
      "cx": 360.0,
      "cy": 640.0,
      "is_fisheye": false,
      "camera_angle_x": 0.6135520314773767,
      "camera_angle_y": 1.0257783006865875,
      "fovx": 35.15394191533152,
      "fovy": 58.77276734544298
    },
    {
      "file_path": "/home/doan/VA_0223/20250411_Final/Reconstruction_3D/data/processed_images/quadiacau/frame_0010.png",
      "sharpness": 44.181505349010905,
      "transform_matrix": [
        [
          -0.09191995841384247,
          -0.27610599742178893,
          0.9567215893416254,
          3.6130841153615116
        ],
        [
          0.9937239729940102,
          0.036070330279226626,
          0.1058848278605765,
          0.38672654995090916
        ],
        [
          -0.06374469972109795,
          0.960450107783305,
          0.2710575654662141,
          1.0815934641823715
        ],
        [
          0.0,
          0.0,
          0.0,
          1.0
        ]
      ],
      "w": 720.0,
      "h": 1280.0,
      "fl_x": 1163.9511732994088,
      "fl_y": 1163.9511732994088,
      "k1": 0.06242226789223269,
      "k2": 0,
      "k3": 0,
      "k4": 0,
      "p1": 0,
      "p2": 0,
      "cx": 360.0,
      "cy": 640.0,
      "is_fisheye": false,
      "camera_angle_x": 0.5999179954897619,
      "camera_angle_y": 1.0054579906015078,
      "fovx": 34.372769195511715,
      "fovy": 57.608499339170784
    },
    {
      "file_path": "/home/doan/VA_0223/20250411_Final/Reconstruction_3D/data/processed_images/quadiacau/frame_0007.png",
      "sharpness": 65.85388122387991,
      "transform_matrix": [
        [
          -0.021729367321376584,
          -0.49758400237743394,
          0.8671435839890158,
          3.4685382120945394
        ],
        [
          0.9977535724384086,
          0.04418307649753626,
          0.05035538142168119,
          0.10300591548584344
        ],
        [
          -0.06336910353477686,
          0.8662897993216053,
          0.49550614566168294,
          2.2859869466472444
        ],
        [
          0.0,
          0.0,
          0.0,
          1.0
        ]
      ],
      "w": 720.0,
      "h": 1280.0,
      "fl_x": 1178.7519627808754,
      "fl_y": 1178.7519627808754,
      "k1": 0.08310334618574106,
      "k2": 0,
      "k3": 0,
      "k4": 0,
      "p1": 0,
      "p2": 0,
      "cx": 360.0,
      "cy": 640.0,
      "is_fisheye": false,
      "camera_angle_x": 0.5928212622389919,
      "camera_angle_y": 0.9948244429155371,
      "fovx": 33.96615633191244,
      "fovy": 56.99924193551357
    },
    {
      "file_path": "/home/doan/VA_0223/20250411_Final/Reconstruction_3D/data/processed_images/quadiacau/frame_0005.png",
      "sharpness": 75.62223574625528,
      "transform_matrix": [
        [
          -0.02065724791618772,
          -0.583159983176312,
          0.8120946448596873,
          3.005941673924165
        ],
        [
          0.9980037860947386,
          0.036459060169360166,
          0.051567236426346516,
          0.2212034087404519
        ],
        [
          -0.05968015624699165,
          0.8115387674244421,
          0.5812427272641936,
          2.7428361151752543
        ],
        [
          0.0,
          0.0,
          0.0,
          1.0
        ]
      ],
      "w": 720.0,
      "h": 1280.0,
      "fl_x": 1143.1035524567174,
      "fl_y": 1143.1035524567174,
      "k1": 0.13163727313918752,
      "k2": 0,
      "k3": 0,
      "k4": 0,
      "p1": 0,
      "p2": 0,
      "cx": 360.0,
      "cy": 640.0,
      "is_fisheye": false,
      "camera_angle_x": 0.6101981015925345,
      "camera_angle_y": 1.0207928422366157,
      "fovx": 34.961775888147265,
      "fovy": 58.48712161732176
    },
    {
      "file_path": "/home/doan/VA_0223/20250411_Final/Reconstruction_3D/data/processed_images/quadiacau/frame_0003.png",
      "sharpness": 86.79421223958333,
      "transform_matrix": [
        [
          -0.01935323828431612,
          -0.6234976309506305,
          0.7815856680149086,
          2.8909070830162698
        ],
        [
          0.9984495992970459,
          0.0287541381405596,
          0.04766127572651367,
          0.24561518423713413
        ],
        [
          -0.05219051477034831,
          0.7812962970718694,
          0.62197447409822,
          3.042481508958496
        ],
        [
          0.0,
          0.0,
          0.0,
          1.0
        ]
      ],
      "w": 720.0,
      "h": 1280.0,
      "fl_x": 1138.880004367984,
      "fl_y": 1138.880004367984,
      "k1": 0.11883230128612589,
      "k2": 0,
      "k3": 0,
      "k4": 0,
      "p1": 0,
      "p2": 0,
      "cx": 360.0,
      "cy": 640.0,
      "is_fisheye": false,
      "camera_angle_x": 0.6123224768449856,
      "camera_angle_y": 1.0239516330203025,
      "fovx": 35.08349362421475,
      "fovy": 58.668106997591835
    },
    {
      "file_path": "/home/doan/VA_0223/20250411_Final/Reconstruction_3D/data/processed_images/quadiacau/frame_0004.png",
      "sharpness": 81.29756944444445,
      "transform_matrix": [
        [
          -0.020286050096324986,
          -0.6072691368004347,
          0.7942371634093895,
          2.943945575037482
        ],
        [
          0.9982941943383299,
          0.031196453620563457,
          0.049350611266746655,
          0.23435568615785463
        ],
        [
          -0.054746485936559945,
          0.7938834781317785,
          0.6056004008477486,
          2.9515512798257673
        ],
        [
          0.0,
          0.0,
          0.0,
          1.0
        ]
      ],
      "w": 720.0,
      "h": 1280.0,
      "fl_x": 1134.5358541629623,
      "fl_y": 1134.5358541629623,
      "k1": 0.1291417406133757,
      "k2": 0,
      "k3": 0,
      "k4": 0,
      "p1": 0,
      "p2": 0,
      "cx": 360.0,
      "cy": 640.0,
      "is_fisheye": false,
      "camera_angle_x": 0.6145225095165984,
      "camera_angle_y": 1.0272192516757874,
      "fovx": 35.209546211089055,
      "fovy": 58.85532775560933
    },
    {
      "file_path": "/home/doan/VA_0223/20250411_Final/Reconstruction_3D/data/processed_images/quadiacau/frame_0008.png",
      "sharpness": 40.84971137152304,
      "transform_matrix": [
        [
          -0.0423518988167945,
          -0.4410902600666363,
          0.8964628822323925,
          3.4675003959260655
        ],
        [
          0.996973188690162,
          0.03989466888194752,
          0.06672987657928928,
          0.19297108924046308
        ],
        [
          -0.06519798846619086,
          0.8965755952225447,
          0.43806554809898945,
          1.9380083367011227
        ],
        [
          0.0,
          0.0,
          0.0,
          1.0
        ]
      ],
      "w": 720.0,
      "h": 1280.0,
      "fl_x": 1122.3201929943345,
      "fl_y": 1122.3201929943345,
      "k1": 0.15791097017237024,
      "k2": 0,
      "k3": 0,
      "k4": 0,
      "p1": 0,
      "p2": 0,
      "cx": 360.0,
      "cy": 640.0,
      "is_fisheye": false,
      "camera_angle_x": 0.6207917866394097,
      "camera_angle_y": 1.0365102479861152,
      "fovx": 35.56874933082406,
      "fovy": 59.387662631662735
    },
    {
      "file_path": "/home/doan/VA_0223/20250411_Final/Reconstruction_3D/data/processed_images/quadiacau/frame_0009.png",
      "sharpness": 57.61539387822918,
      "transform_matrix": [
        [
          -0.06791089560710441,
          -0.36288394212447916,
          0.9293564197257624,
          3.520089213590311
        ],
        [
          0.9954928504174549,
          0.03715964932149826,
          0.08725333936618573,
          0.3230738251430473
        ],
        [
          -0.06619739440441898,
          0.9310931237476281,
          0.3587248248503518,
          1.5255699893136079
        ],
        [
          0.0,
          0.0,
          0.0,
          1.0
        ]
      ],
      "w": 720.0,
      "h": 1280.0,
      "fl_x": 1142.1205034834734,
      "fl_y": 1142.1205034834734,
      "k1": 0.10283465977155276,
      "k2": 0,
      "k3": 0,
      "k4": 0,
      "p1": 0,
      "p2": 0,
      "cx": 360.0,
      "cy": 640.0,
      "is_fisheye": false,
      "camera_angle_x": 0.6106912830201292,
      "camera_angle_y": 1.0215264770919503,
      "fovx": 34.99003310248268,
      "fovy": 58.529155798236125
    },
    {
      "file_path": "/home/doan/VA_0223/20250411_Final/Reconstruction_3D/data/processed_images/quadiacau/frame_0001.png",
      "sharpness": 92.36690971181888,
      "transform_matrix": [
        [
          -0.013063103524961706,
          -0.6388646890358345,
          0.7692082062152558,
          2.7507506368605608
        ],
        [
          0.9986168440193843,
          0.030846189089738536,
          0.04257829799230596,
          0.2169910904525615
        ],
        [
          -0.050928912884824026,
          0.7687004759990808,
          0.6375780925589605,
          3.0106141524965007
        ],
        [
          0.0,
          0.0,
          0.0,
          1.0
        ]
      ],
      "w": 720.0,
      "h": 1280.0,
      "fl_x": 1138.2289867728418,
      "fl_y": 1138.2289867728418,
      "k1": 0.10890804676491134,
      "k2": 0,
      "k3": 0,
      "k4": 0,
      "p1": 0,
      "p2": 0,
      "cx": 360.0,
      "cy": 640.0,
      "is_fisheye": false,
      "camera_angle_x": 0.6126512029935169,
      "camera_angle_y": 1.0244401138575743,
      "fovx": 35.10232824514119,
      "fovy": 58.696094887940525
    },
    {
      "file_path": "/home/doan/VA_0223/20250411_Final/Reconstruction_3D/data/processed_images/quadiacau/frame_0006.png",
      "sharpness": 82.90433266389523,
      "transform_matrix": [
        [
          -0.018526723787946304,
          -0.5467418479935815,
          0.837096238336846,
          3.1149868321625473
        ],
        [
          0.997908949260422,
          0.04174189692108103,
          0.0493491948050567,
          0.18866555412922892
        ],
        [
          -0.061923254858393256,
          0.8362601065298845,
          0.5448252424533344,
          2.4010793559917016
        ],
        [
          0.0,
          0.0,
          0.0,
          1.0
        ]
      ],
      "w": 720.0,
      "h": 1280.0,
      "fl_x": 1130.1731538207398,
      "fl_y": 1130.1731538207398,
      "k1": 0.15691513091398862,
      "k2": 0,
      "k3": 0,
      "k4": 0,
      "p1": 0,
      "p2": 0,
      "cx": 360.0,
      "cy": 640.0,
      "is_fisheye": false,
      "camera_angle_x": 0.6167473955360854,
      "camera_angle_y": 1.0305199839546648,
      "fovx": 35.33702278990332,
      "fovy": 59.044445784491614
    },
    {
      "file_path": "/home/doan/VA_0223/20250411_Final/Reconstruction_3D/data/processed_images/quadiacau/frame_0002.png",
      "sharpness": 92.50059136222436,
      "transform_matrix": [
        [
          -0.014890780629300741,
          -0.6326806706071193,
          0.7742696131011633,
          2.799861015786959
        ],
        [
          0.9986327001901498,
          0.029396807088493983,
          0.04322681857885272,
          0.2120375290206676
        ],
        [
          -0.05010982701749859,
          0.7738546354791574,
          0.6313778650409457,
          3.036060139399196
        ],
        [
          0.0,
          0.0,
          0.0,
          1.0
        ]
      ],
      "w": 720.0,
      "h": 1280.0,
      "fl_x": 1135.6787351058078,
      "fl_y": 1135.6787351058078,
      "k1": 0.11272454906680789,
      "k2": 0,
      "k3": 0,
      "k4": 0,
      "p1": 0,
      "p2": 0,
      "cx": 360.0,
      "cy": 640.0,
      "is_fisheye": false,
      "camera_angle_x": 0.6139422311982852,
      "camera_angle_y": 1.026357750660315,
      "fovx": 35.176298712506764,
      "fovy": 58.805967383376526
    },
    {
      "file_path": "/home/doan/VA_0223/20250411_Final/Reconstruction_3D/data/processed_images/quadiacau/frame_0014.png",
      "sharpness": 19.565410115517533,
      "transform_matrix": [
        [
          -0.3508749745056603,
          -0.15978267270161942,
          0.9226896823143892,
          3.6500657083123946
        ],
        [
          0.934896746168029,
          -0.0035511650133396716,
          0.35490204737645137,
          1.4366914895349676
        ],
        [
          -0.053430574359081724,
          0.987145828543754,
          0.15062631573629603,
          0.48502864324854295
        ],
        [
          0.0,
          0.0,
          0.0,
          1.0
        ]
      ],
      "w": 720.0,
      "h": 1280.0,
      "fl_x": 1151.1517015286267,
      "fl_y": 1151.1517015286267,
      "k1": 0.02830101104910135,
      "k2": 0,
      "k3": 0,
      "k4": 0,
      "p1": 0,
      "p2": 0,
      "cx": 360.0,
      "cy": 640.0,
      "is_fisheye": false,
      "camera_angle_x": 0.6061893037367868,
      "camera_angle_y": 1.0148225807542197,
      "fovx": 34.73208869009183,
      "fovy": 58.145050831790954
    },
    {
      "file_path": "/home/doan/VA_0223/20250411_Final/Reconstruction_3D/data/processed_images/quadiacau/frame_0012.png",
      "sharpness": 28.33026459049178,
      "transform_matrix": [
        [
          -0.1879082015834824,
          -0.15102412372817964,
          0.9705061678883065,
          3.7453219501019737
        ],
        [
          0.979887569857321,
          0.03874208694426172,
          0.19575341922641837,
          0.5908225608932043
        ],
        [
          -0.06716292294173587,
          0.9877706033442679,
          0.14070670570655008,
          0.42392173847610803
        ],
        [
          0.0,
          0.0,
          0.0,
          1.0
        ]
      ],
      "w": 720.0,
      "h": 1280.0,
      "fl_x": 1149.8256266935434,
      "fl_y": 1149.8256266935434,
      "k1": 0.02542834337166916,
      "k2": 0,
      "k3": 0,
      "k4": 0,
      "p1": 0,
      "p2": 0,
      "cx": 360.0,
      "cy": 640.0,
      "is_fisheye": false,
      "camera_angle_x": 0.6068463077681826,
      "camera_angle_y": 1.0158018978655485,
      "fovx": 34.769732248213884,
      "fovy": 58.20116156907503
    },
    {
      "file_path": "/home/doan/VA_0223/20250411_Final/Reconstruction_3D/data/processed_images/quadiacau/frame_0013.png",
      "sharpness": 32.79884756914302,
      "transform_matrix": [
        [
          -0.2647733587657455,
          -0.15369934992826798,
          0.9519829716959136,
          3.5795020674408207
        ],
        [
          0.9622533007546356,
          0.02234138884401235,
          0.2712368845342507,
          0.8415120174328974
        ],
        [
          -0.06295755457301978,
          0.98786505771589,
          0.14198230222859692,
          0.3736145000305328
        ],
        [
          0.0,
          0.0,
          0.0,
          1.0
        ]
      ],
      "w": 720.0,
      "h": 1280.0,
      "fl_x": 1132.1037556266588,
      "fl_y": 1132.1037556266588,
      "k1": 0.015448801110899404,
      "k2": 0,
      "k3": 0,
      "k4": 0,
      "p1": 0,
      "p2": 0,
      "cx": 360.0,
      "cy": 640.0,
      "is_fisheye": false,
      "camera_angle_x": 0.6157609080231881,
      "camera_angle_y": 1.0290569509934382,
      "fovx": 35.28050121887195,
      "fovy": 58.96062017052479
    },
    {
      "file_path": "/home/doan/VA_0223/20250411_Final/Reconstruction_3D/data/processed_images/quadiacau/frame_0019.png",
      "sharpness": 18.59947699614632,
      "transform_matrix": [
        [
          -0.589982455489444,
          -0.22266829652054365,
          0.7761053614160481,
          3.35022604159686
        ],
        [
          0.807237668717304,
          -0.14246375879667905,
          0.5727751946740456,
          2.597323816749211
        ],
        [
          -0.016971989877707143,
          0.9644287984257288,
          0.2637973548136176,
          0.9203708114811484
        ],
        [
          0.0,
          0.0,
          0.0,
          1.0
        ]
      ],
      "w": 720.0,
      "h": 1280.0,
      "fl_x": 1129.5068168080268,
      "fl_y": 1129.5068168080268,
      "k1": 0.0769678942515214,
      "k2": 0,
      "k3": 0,
      "k4": 0,
      "p1": 0,
      "p2": 0,
      "cx": 360.0,
      "cy": 640.0,
      "is_fisheye": false,
      "camera_angle_x": 0.6170885871890263,
      "camera_angle_y": 1.031025821090022,
      "fovx": 35.356571631621925,
      "fovy": 59.073428117468566
    },
    {
      "file_path": "/home/doan/VA_0223/20250411_Final/Reconstruction_3D/data/processed_images/quadiacau/frame_0016.png",
      "sharpness": 30.42341579861111,
      "transform_matrix": [
        [
          -0.4771100622147178,
          -0.16384515030385197,
          0.8634354378497708,
          3.691022018820065
        ],
        [
          0.8782523703083617,
          -0.05285901755274336,
          0.47526697582687116,
          2.1193794372176535
        ],
        [
          -0.03222984012384918,
          0.9850688763051586,
          0.16911696077108607,
          0.5951087334139596
        ],
        [
          0.0,
          0.0,
          0.0,
          1.0
        ]
      ],
      "w": 720.0,
      "h": 1280.0,
      "fl_x": 1146.044946400217,
      "fl_y": 1146.044946400217,
      "k1": 0.07528926882732562,
      "k2": 0,
      "k3": 0,
      "k4": 0,
      "p1": 0,
      "p2": 0,
      "cx": 360.0,
      "cy": 640.0,
      "is_fisheye": false,
      "camera_angle_x": 0.6087270453450468,
      "camera_angle_y": 1.018603450782458,
      "fovx": 34.87749057373987,
      "fovy": 58.361678727296514
    },
    {
      "file_path": "/home/doan/VA_0223/20250411_Final/Reconstruction_3D/data/processed_images/quadiacau/frame_0020.png",
      "sharpness": 21.612466362817806,
      "transform_matrix": [
        [
          -0.6106325770772111,
          -0.2650903528718178,
          0.7462271508768545,
          3.2724603140154676
        ],
        [
          0.7918392469115261,
          -0.19143664852163383,
          0.5799505294884285,
          2.5872247808973903
        ],
        [
          -0.01088406571057244,
          0.9450286315740744,
          0.3268063994153205,
          1.3189387265450203
        ],
        [
          0.0,
          0.0,
          0.0,
          1.0
        ]
      ],
      "w": 720.0,
      "h": 1280.0,
      "fl_x": 1141.783623253574,
      "fl_y": 1141.783623253574,
      "k1": 0.08390662977432388,
      "k2": 0,
      "k3": 0,
      "k4": 0,
      "p1": 0,
      "p2": 0,
      "cx": 360.0,
      "cy": 640.0,
      "is_fisheye": false,
      "camera_angle_x": 0.610860468669256,
      "camera_angle_y": 1.021778106983129,
      "fovx": 34.999726726131826,
      "fovy": 58.54357312900001
    },
    {
      "file_path": "/home/doan/VA_0223/20250411_Final/Reconstruction_3D/data/processed_images/quadiacau/frame_0015.png",
      "sharpness": 26.861549479166666,
      "transform_matrix": [
        [
          -0.4104628372497112,
          -0.1594793431724979,
          0.897823255667637,
          3.6217477481397746
        ],
        [
          0.9109444369189162,
          -0.027187764975039073,
          0.41163218810323515,
          1.7285305837149705
        ],
        [
          -0.04123702332314591,
          0.9868268159190243,
          0.1564363876166027,
          0.5376856511790896
        ],
        [
          0.0,
          0.0,
          0.0,
          1.0
        ]
      ],
      "w": 720.0,
      "h": 1280.0,
      "fl_x": 1128.9980637519836,
      "fl_y": 1128.9980637519836,
      "k1": 0.08345382377787534,
      "k2": 0,
      "k3": 0,
      "k4": 0,
      "p1": 0,
      "p2": 0,
      "cx": 360.0,
      "cy": 640.0,
      "is_fisheye": false,
      "camera_angle_x": 0.6173493355714667,
      "camera_angle_y": 1.0314123356011946,
      "fovx": 35.37151141345063,
      "fovy": 59.09557376767931
    },
    {
      "file_path": "/home/doan/VA_0223/20250411_Final/Reconstruction_3D/data/processed_images/quadiacau/frame_0021.png",
      "sharpness": 20.607821180555554,
      "transform_matrix": [
        [
          -0.6255077174808236,
          -0.313340894537284,
          0.71453311977959,
          3.053473680607852
        ],
        [
          0.7802121894406773,
          -0.2476781468063685,
          0.5743905248550539,
          2.4780213632858166
        ],
        [
          -0.0030058019330409733,
          0.9167731559558087,
          0.3993969776469667,
          1.6411402471903003
        ],
        [
          0.0,
          0.0,
          0.0,
          1.0
        ]
      ],
      "w": 720.0,
      "h": 1280.0,
      "fl_x": 1102.4269074543756,
      "fl_y": 1102.4269074543756,
      "k1": 0.12135867410125356,
      "k2": 0,
      "k3": 0,
      "k4": 0,
      "p1": 0,
      "p2": 0,
      "cx": 360.0,
      "cy": 640.0,
      "is_fisheye": false,
      "camera_angle_x": 0.6312704509389702,
      "camera_angle_y": 1.0519715811692285,
      "fovx": 36.16913257012329,
      "fovy": 60.27353176870071
    },
    {
      "file_path": "/home/doan/VA_0223/20250411_Final/Reconstruction_3D/data/processed_images/quadiacau/frame_0017.png",
      "sharpness": 29.034674479166668,
      "transform_matrix": [
        [
          -0.5208283074931436,
          -0.16746908516591585,
          0.8370734613562705,
          3.5601110460638656
        ],
        [
          0.8533114695768459,
          -0.07405729094396743,
          0.5161153490714657,
          2.3630151500447165
        ],
        [
          -0.0244419724799504,
          0.9830918691818207,
          0.18147442467149166,
          0.5458521874719293
        ],
        [
          0.0,
          0.0,
          0.0,
          1.0
        ]
      ],
      "w": 720.0,
      "h": 1280.0,
      "fl_x": 1126.7235576766839,
      "fl_y": 1126.7235576766839,
      "k1": 0.09898896145002566,
      "k2": 0,
      "k3": 0,
      "k4": 0,
      "p1": 0,
      "p2": 0,
      "cx": 360.0,
      "cy": 640.0,
      "is_fisheye": false,
      "camera_angle_x": 0.6185176888138562,
      "camera_angle_y": 1.033143572570317,
      "fovx": 35.438453123219965,
      "fovy": 59.194766339347055
    },
    {
      "file_path": "/home/doan/VA_0223/20250411_Final/Reconstruction_3D/data/processed_images/quadiacau/frame_0023.png",
      "sharpness": 29.724110243055556,
      "transform_matrix": [
        [
          -0.6742709235550549,
          -0.37592841517376235,
          0.635638693278348,
          2.726983284586013
        ],
        [
          0.7383850121695814,
          -0.3572919482593154,
          0.5719528280487007,
          2.5581277947696686
        ],
        [
          0.012095266907926776,
          0.8549972458701129,
          0.5184914793445633,
          1.9635544767872222
        ],
        [
          0.0,
          0.0,
          0.0,
          1.0
        ]
      ],
      "w": 720.0,
      "h": 1280.0,
      "fl_x": 1084.5036452656668,
      "fl_y": 1084.5036452656668,
      "k1": 0.0741321390111762,
      "k2": 0,
      "k3": 0,
      "k4": 0,
      "p1": 0,
      "p2": 0,
      "cx": 360.0,
      "cy": 640.0,
      "is_fisheye": false,
      "camera_angle_x": 0.6410084400211271,
      "camera_angle_y": 1.0662636227715796,
      "fovx": 36.727078245475354,
      "fovy": 61.092405433140804
    },
    {
      "file_path": "/home/doan/VA_0223/20250411_Final/Reconstruction_3D/data/processed_images/quadiacau/frame_0018.png",
      "sharpness": 38.91718967013889,
      "transform_matrix": [
        [
          -0.5642687289930401,
          -0.188324074681158,
          0.8038251330081151,
          3.457020837760423
        ],
        [
          0.8253433463225275,
          -0.1048206652783952,
          0.5548161756944765,
          2.4384807758532614
        ],
        [
          -0.020227757696395943,
          0.9764971434189698,
          0.21457904555928564,
          0.6419398663871015
        ],
        [
          0.0,
          0.0,
          0.0,
          1.0
        ]
      ],
      "w": 720.0,
      "h": 1280.0,
      "fl_x": 1127.3426026254742,
      "fl_y": 1127.3426026254742,
      "k1": 0.06317681433470214,
      "k2": 0,
      "k3": 0,
      "k4": 0,
      "p1": 0,
      "p2": 0,
      "cx": 360.0,
      "cy": 640.0,
      "is_fisheye": false,
      "camera_angle_x": 0.6181992781443814,
      "camera_angle_y": 1.0326718641027033,
      "fovx": 35.42020953570712,
      "fovy": 59.1677394349922
    },
    {
      "file_path": "/home/doan/VA_0223/20250411_Final/Reconstruction_3D/data/processed_images/quadiacau/frame_0022.png",
      "sharpness": 27.33175998263889,
      "transform_matrix": [
        [
          -0.644225433894456,
          -0.3464401138081699,
          0.681874503077752,
          2.9423332255158443
        ],
        [
          0.7648085237120742,
          -0.2993084242294737,
          0.5705106390271294,
          2.516911476730837
        ],
        [
          0.006443012325126868,
          0.8890408960244555,
          0.45778245146376806,
          1.858779473936709
        ],
        [
          0.0,
          0.0,
          0.0,
          1.0
        ]
      ],
      "w": 720.0,
      "h": 1280.0,
      "fl_x": 1094.01213243247,
      "fl_y": 1094.01213243247,
      "k1": 0.11672988483585159,
      "k2": 0,
      "k3": 0,
      "k4": 0,
      "p1": 0,
      "p2": 0,
      "cx": 360.0,
      "cy": 640.0,
      "is_fisheye": false,
      "camera_angle_x": 0.6358064776755398,
      "camera_angle_y": 1.0586380927247145,
      "fovx": 36.429027757887226,
      "fovy": 60.65549474490524
    },
    {
      "file_path": "/home/doan/VA_0223/20250411_Final/Reconstruction_3D/data/processed_images/quadiacau/frame_0024.png",
      "sharpness": 16.131762548817544,
      "transform_matrix": [
        [
          -0.7040089988769671,
          -0.3817880070861666,
          0.5988399178619215,
          2.490029949291185
        ],
        [
          0.7098691838649058,
          -0.40367665276133397,
          0.5771749317277169,
          2.596090894028778
        ],
        [
          0.021379226657953332,
          0.8314343496208811,
          0.5552115371801778,
          2.1268020954568936
        ],
        [
          0.0,
          0.0,
          0.0,
          1.0
        ]
      ],
      "w": 720.0,
      "h": 1280.0,
      "fl_x": 1109.6159253620096,
      "fl_y": 1109.6159253620096,
      "k1": 0.08345206995305442,
      "k2": 0,
      "k3": 0,
      "k4": 0,
      "p1": 0,
      "p2": 0,
      "cx": 360.0,
      "cy": 640.0,
      "is_fisheye": false,
      "camera_angle_x": 0.6274444478152481,
      "camera_angle_y": 1.0463361564167206,
      "fovx": 35.94991873873014,
      "fovy": 59.95064571461844
    },
    {
      "file_path": "/home/doan/VA_0223/20250411_Final/Reconstruction_3D/data/processed_images/quadiacau/frame_0035.png",
      "sharpness": 11.849039713540478,
      "transform_matrix": [
        [
          -0.995790850773572,
          0.002439975851501938,
          0.09162220316570979,
          0.510885849407843
        ],
        [
          0.08896398848209408,
          -0.21470804583734426,
          0.9726180462065175,
          4.155419534308968
        ],
        [
          0.02204518874250079,
          0.9766752283368559,
          0.21358723764875065,
          0.8112104096291671
        ],
        [
          0.0,
          0.0,
          0.0,
          1.0
        ]
      ],
      "w": 720.0,
      "h": 1280.0,
      "fl_x": 1133.7815948599507,
      "fl_y": 1133.7815948599507,
      "k1": 0.06507085337977021,
      "k2": 0,
      "k3": 0,
      "k4": 0,
      "p1": 0,
      "p2": 0,
      "cx": 360.0,
      "cy": 640.0,
      "is_fisheye": false,
      "camera_angle_x": 0.6149060539792014,
      "camera_angle_y": 1.027788532203654,
      "fovx": 35.23152169005182,
      "fovy": 58.88794512721507
    },
    {
      "file_path": "/home/doan/VA_0223/20250411_Final/Reconstruction_3D/data/processed_images/quadiacau/frame_0034.png",
      "sharpness": 12.686907552083333,
      "transform_matrix": [
        [
          -0.9887421884854952,
          -0.01776807482947108,
          0.14857045569431604,
          0.6496668206934099
        ],
        [
          0.1485277748579151,
          -0.23679813941617253,
          0.9601386052364065,
          4.070680658891216
        ],
        [
          0.01812139289612262,
          0.9713963849847588,
          0.23677136321357026,
          0.9236449890268351
        ],
        [
          0.0,
          0.0,
          0.0,
          1.0
        ]
      ],
      "w": 720.0,
      "h": 1280.0,
      "fl_x": 1127.2577699240894,
      "fl_y": 1127.2577699240894,
      "k1": 0.12275778645078443,
      "k2": 0,
      "k3": 0,
      "k4": 0,
      "p1": 0,
      "p2": 0,
      "cx": 360.0,
      "cy": 640.0,
      "is_fisheye": false,
      "camera_angle_x": 0.6182428937513663,
      "camera_angle_y": 1.0327364829368373,
      "fovx": 35.42270852590826,
      "fovy": 59.17144182146514
    },
    {
      "file_path": "/home/doan/VA_0223/20250411_Final/Reconstruction_3D/data/processed_images/quadiacau/frame_0031.png",
      "sharpness": 12.851497395833333,
      "transform_matrix": [
        [
          -0.943467249216859,
          -0.11170217410616019,
          0.31207719242934,
          1.3263637562829431
        ],
        [
          0.32928021349302633,
          -0.4237868703315105,
          0.8437886166197829,
          3.6146610713679266
        ],
        [
          0.03800119371901571,
          0.898847769592203,
          0.4366103485432037,
          1.9905879507872681
        ],
        [
          0.0,
          0.0,
          0.0,
          1.0
        ]
      ],
      "w": 720.0,
      "h": 1280.0,
      "fl_x": 1094.4771130468066,
      "fl_y": 1094.4771130468066,
      "k1": 0.1760024584812508,
      "k2": 0,
      "k3": 0,
      "k4": 0,
      "p1": 0,
      "p2": 0,
      "cx": 360.0,
      "cy": 640.0,
      "is_fisheye": false,
      "camera_angle_x": 0.6355541843097393,
      "camera_angle_y": 1.0582677219522916,
      "fovx": 36.41457241282771,
      "fovy": 60.63427406279041
    },
    {
      "file_path": "/home/doan/VA_0223/20250411_Final/Reconstruction_3D/data/processed_images/quadiacau/frame_0033.png",
      "sharpness": 16.587452256944445,
      "transform_matrix": [
        [
          -0.9799513655818726,
          -0.042083800621822195,
          0.19474155924941763,
          0.786675419732999
        ],
        [
          0.19847744945762513,
          -0.2914601203031364,
          0.935765836270054,
          3.9087284342161057
        ],
        [
          0.017378815404553962,
          0.9556568171009282,
          0.2939694283146181,
          1.2890629620365317
        ],
        [
          0.0,
          0.0,
          0.0,
          1.0
        ]
      ],
      "w": 720.0,
      "h": 1280.0,
      "fl_x": 1130.7186805519054,
      "fl_y": 1130.7186805519054,
      "k1": 0.138289236048043,
      "k2": 0,
      "k3": 0,
      "k4": 0,
      "p1": 0,
      "p2": 0,
      "cx": 360.0,
      "cy": 640.0,
      "is_fisheye": false,
      "camera_angle_x": 0.6164683354720896,
      "camera_angle_y": 1.030106193769118,
      "fovx": 35.32103382600571,
      "fovy": 59.02073735325584
    },
    {
      "file_path": "/home/doan/VA_0223/20250411_Final/Reconstruction_3D/data/processed_images/quadiacau/frame_0032.png",
      "sharpness": 15.468947482638889,
      "transform_matrix": [
        [
          -0.9662460474580298,
          -0.07504293570078277,
          0.24644904879628177,
          1.0268346611047905
        ],
        [
          0.2566451352305176,
          -0.36357988776197087,
          0.8955126686865008,
          3.7567847084234445
        ],
        [
          0.022402017884919325,
          0.9285355260226779,
          0.37056703386626105,
          1.6240161022053967
        ],
        [
          0.0,
          0.0,
          0.0,
          1.0
        ]
      ],
      "w": 720.0,
      "h": 1280.0,
      "fl_x": 1129.8840563423387,
      "fl_y": 1129.8840563423387,
      "k1": 0.1017919956880363,
      "k2": 0,
      "k3": 0,
      "k4": 0,
      "p1": 0,
      "p2": 0,
      "cx": 360.0,
      "cy": 640.0,
      "is_fisheye": false,
      "camera_angle_x": 0.6168953803353707,
      "camera_angle_y": 1.030739391361209,
      "fovx": 35.345501694334466,
      "fovy": 59.0570169028805
    },
    {
      "file_path": "/home/doan/VA_0223/20250411_Final/Reconstruction_3D/data/processed_images/quadiacau/frame_0030.png",
      "sharpness": 21.823372395833335,
      "transform_matrix": [
        [
          -0.9248870695079153,
          -0.16045596091992645,
          0.34472857923556743,
          1.431040170192236
        ],
        [
          0.37751632175085603,
          -0.49584577168954586,
          0.7820603541350374,
          3.497940013520228
        ],
        [
          0.04544596277438548,
          0.8534581743496871,
          0.5191760868753243,
          2.207232264560603
        ],
        [
          0.0,
          0.0,
          0.0,
          1.0
        ]
      ],
      "w": 720.0,
      "h": 1280.0,
      "fl_x": 1120.225746836672,
      "fl_y": 1120.225746836672,
      "k1": 0.1604952395307325,
      "k2": 0,
      "k3": 0,
      "k4": 0,
      "p1": 0,
      "p2": 0,
      "cx": 360.0,
      "cy": 640.0,
      "is_fisheye": false,
      "camera_angle_x": 0.6218791421110907,
      "camera_angle_y": 1.0381186034621104,
      "fovx": 35.63105021018185,
      "fovy": 59.47981461239402
    },
    {
      "file_path": "/home/doan/VA_0223/20250411_Final/Reconstruction_3D/data/processed_images/quadiacau/frame_0025.png",
      "sharpness": 35.60906649695502,
      "transform_matrix": [
        [
          -0.7645704922837627,
          -0.3444893185179599,
          0.5447559745752638,
          2.168280746336465
        ],
        [
          0.6434613039524162,
          -0.45683858727056603,
          0.6142117350694356,
          2.7732100783855125
        ],
        [
          0.0372761677923602,
          0.8201375583845709,
          0.5709508496549213,
          2.1109136742507335
        ],
        [
          0.0,
          0.0,
          0.0,
          1.0
        ]
      ],
      "w": 720.0,
      "h": 1280.0,
      "fl_x": 1105.1554042519874,
      "fl_y": 1105.1554042519874,
      "k1": 0.07015370825870179,
      "k2": 0,
      "k3": 0,
      "k4": 0,
      "p1": 0,
      "p2": 0,
      "cx": 360.0,
      "cy": 640.0,
      "is_fisheye": false,
      "camera_angle_x": 0.629813043101286,
      "camera_angle_y": 1.0498262646616845,
      "fovx": 36.085629251994696,
      "fovy": 60.15061418709868
    },
    {
      "file_path": "/home/doan/VA_0223/20250411_Final/Reconstruction_3D/data/processed_images/quadiacau/frame_0026.png",
      "sharpness": 30.251386625120404,
      "transform_matrix": [
        [
          -0.8079931699044999,
          -0.3116312408630488,
          0.5000330060958811,
          1.9786153158908562
        ],
        [
          0.5869313405247126,
          -0.4999887430752369,
          0.6368067668519434,
          2.7965184671272825
        ],
        [
          0.05156199126995455,
          0.808020560739795,
          0.5868936313830561,
          2.2288657142079673
        ],
        [
          0.0,
          0.0,
          0.0,
          1.0
        ]
      ],
      "w": 720.0,
      "h": 1280.0,
      "fl_x": 1121.0045174069592,
      "fl_y": 1121.0045174069592,
      "k1": 0.08169541091919617,
      "k2": 0,
      "k3": 0,
      "k4": 0,
      "p1": 0,
      "p2": 0,
      "cx": 360.0,
      "cy": 640.0,
      "is_fisheye": false,
      "camera_angle_x": 0.6214744043764917,
      "camera_angle_y": 1.0375200449205952,
      "fovx": 35.607860446179636,
      "fovy": 59.44551973417369
    },
    {
      "file_path": "/home/doan/VA_0223/20250411_Final/Reconstruction_3D/data/processed_images/quadiacau/frame_0036.png",
      "sharpness": 9.2014453125,
      "transform_matrix": [
        [
          -0.9989356124794637,
          0.022716147570078553,
          0.04014497277745095,
          0.2599109003713567
        ],
        [
          0.03442470611360973,
          -0.21213450869742886,
          0.9766339589780856,
          4.156591895042028
        ],
        [
          0.030701495210912536,
          0.9769764208698197,
          0.21112671866956298,
          0.8554480323887724
        ],
        [
          0.0,
          0.0,
          0.0,
          1.0
        ]
      ],
      "w": 720.0,
      "h": 1280.0,
      "fl_x": 1156.1843776186556,
      "fl_y": 1156.1843776186556,
      "k1": 0.1300750328586524,
      "k2": 0,
      "k3": 0,
      "k4": 0,
      "p1": 0,
      "p2": 0,
      "cx": 360.0,
      "cy": 640.0,
      "is_fisheye": false,
      "camera_angle_x": 0.6037083610983419,
      "camera_angle_y": 1.011121542761368,
      "fovx": 34.58994114769488,
      "fovy": 57.93299697498298
    },
    {
      "file_path": "/home/doan/VA_0223/20250411_Final/Reconstruction_3D/data/processed_images/quadiacau/frame_0038.png",
      "sharpness": 7.3021853298611115,
      "transform_matrix": [
        [
          -0.994739593237371,
          0.07233525614443242,
          -0.07253104469065719,
          -0.24613836818339
        ],
        [
          -0.08889841551195744,
          -0.2578119711240285,
          0.9620966995396686,
          4.064110400069189
        ],
        [
          0.050894139597531966,
          0.9634835745035334,
          0.26288626494453254,
          0.9464330476332542
        ],
        [
          0.0,
          0.0,
          0.0,
          1.0
        ]
      ],
      "w": 720.0,
      "h": 1280.0,
      "fl_x": 1107.1074782974981,
      "fl_y": 1107.1074782974981,
      "k1": 0.1293246924267483,
      "k2": 0,
      "k3": 0,
      "k4": 0,
      "p1": 0,
      "p2": 0,
      "cx": 360.0,
      "cy": 640.0,
      "is_fisheye": false,
      "camera_angle_x": 0.6287743420631555,
