{
  "frames": [
    {
      "file_path": "/home/doan/VA_0223/20250411_Final/Reconstruction_3D/data/processed_images/xe_F1_khan_50/frame_0000.png",
      "sharpness": 206.5707834201389,
      "transform_matrix": [
        [
          0.04812008057966227,
          -0.6562104236833158,
          0.7530420557800849,
          2.753554289106716
        ],
        [
          0.9987976135928067,
          0.038684028244116896,
          -0.030114332803352534,
          -0.01858076654875211
        ],
        [
          -0.00936936106697631,
          0.7535857123692701,
          0.6572828837458733,
          2.32325690911551
        ],
        [
          0.0,
          0.0,
          0.0,
          1.0
        ]
      ],
      "w": 1280.0,
      "h": 720.0,
      "fl_x": 1155.046661034222,
      "fl_y": 1155.046661034222,
      "k1": 0.015762078761368765,
      "k2": 0,
      "k3": 0,
      "k4": 0,
      "p1": 0,
      "p2": 0,
      "cx": 640.0,
      "cy": 360.0,
      "is_fisheye": false,
      "camera_angle_x": 1.0119560631054705,
      "camera_angle_y": 0.6042674939948429,
      "fovx": 57.98081146861786,
      "fovy": 34.62197710285132
    },
    {
      "file_path": "/home/doan/VA_0223/20250411_Final/Reconstruction_3D/data/processed_images/xe_F1_khan_50/frame_0003.png",
      "sharpness": 127.8015017361111,
      "transform_matrix": [
        [
          -0.16153356668075947,
          -0.6264340667441187,
          0.7625531240096942,
          2.8916375712194786
        ],
        [
          0.9868441917248086,
          -0.09725582920358429,
          0.12915047404094493,
          0.6252434639873544
        ],
        [
          -0.0067415202880534,
          0.7733832580209193,
          0.6339029012367344,
          2.3816990670438507
        ],
        [
          0.0,
          0.0,
          0.0,
          1.0
        ]
      ],
      "w": 1280.0,
      "h": 720.0,
      "fl_x": 1148.5436460131318,
      "fl_y": 1148.5436460131318,
      "k1": 0.028141969669995538,
      "k2": 0,
      "k3": 0,
      "k4": 0,
      "p1": 0,
      "p2": 0,
      "cx": 640.0,
      "cy": 360.0,
      "is_fisheye": false,
      "camera_angle_x": 1.0167502919912346,
      "camera_angle_y": 0.6074827787373124,
      "fovx": 58.25550054979185,
      "fovy": 34.80619934852763
    },
    {
      "file_path": "/home/doan/VA_0223/20250411_Final/Reconstruction_3D/data/processed_images/xe_F1_khan_50/frame_0008.png",
      "sharpness": 105.70344618055556,
      "transform_matrix": [
        [
          -0.7796459921861826,
          -0.3306758508843768,
          0.5317947053036941,
          2.079736904939767
        ],
        [
          0.6229939328386008,
          -0.4956661774658511,
          0.6051393229354316,
          2.5954434481803927
        ],
        [
          0.06348768825919109,
          0.8030993227607627,
          0.5924531975607047,
          2.451823543402306
        ],
        [
          0.0,
          0.0,
          0.0,
          1.0
        ]
      ],
      "w": 1280.0,
      "h": 720.0,
      "fl_x": 1162.3765307037866,
      "fl_y": 1162.3765307037866,
      "k1": 0.05025102167078996,
      "k2": 0,
      "k3": 0,
      "k4": 0,
      "p1": 0,
      "p2": 0,
      "cx": 640.0,
      "cy": 360.0,
      "is_fisheye": false,
      "camera_angle_x": 1.0066015285686352,
      "camera_angle_y": 0.6006827204403667,
      "fovx": 57.67401923840016,
      "fovy": 34.41658470766972
    },
    {
      "file_path": "/home/doan/VA_0223/20250411_Final/Reconstruction_3D/data/processed_images/xe_F1_khan_50/frame_0011.png",
      "sharpness": 118.00666232638889,
      "transform_matrix": [
        [
          -0.9501434276475051,
          -0.08757511102248029,
          0.2992625384286797,
          1.0995706214554133
        ],
        [
          0.2917799258716217,
          -0.5881733749182939,
          0.7542655738502473,
          3.263004708049107
        ],
        [
          0.10996336584384224,
          0.8039792789734602,
          0.5844017258982075,
          2.4806788495309755
        ],
        [
          0.0,
          0.0,
          0.0,
          1.0
        ]
      ],
      "w": 1280.0,
      "h": 720.0,
      "fl_x": 1130.0556219304592,
      "fl_y": 1130.0556219304592,
      "k1": 0.08375234490258841,
      "k2": 0,
      "k3": 0,
      "k4": 0,
      "p1": 0,
      "p2": 0,
      "cx": 640.0,
      "cy": 360.0,
      "is_fisheye": false,
      "camera_angle_x": 1.0306091732589546,
      "camera_angle_y": 0.6168075501108745,
      "fovx": 59.04955595520512,
      "fovy": 35.34046939315714
    },
    {
      "file_path": "/home/doan/VA_0223/20250411_Final/Reconstruction_3D/data/processed_images/xe_F1_khan_50/frame_0001.png",
      "sharpness": 159.014921875,
      "transform_matrix": [
        [
          0.01064779640301365,
          -0.6525589413266148,
          0.7576631524665657,
          2.774974265876133
        ],
        [
          0.9999200267481845,
          0.012119291203996031,
          -0.003614261845991222,
          0.030464892829789314
        ],
        [
          -0.006823821495382741,
          0.7576410436047654,
          0.6526357978113647,
          2.3368851337815464
        ],
        [
          0.0,
          0.0,
          0.0,
          1.0
        ]
      ],
      "w": 1280.0,
      "h": 720.0,
      "fl_x": 1156.8841357056392,
      "fl_y": 1156.8841357056392,
      "k1": 0.012824583415535785,
      "k2": 0,
      "k3": 0,
      "k4": 0,
      "p1": 0,
      "p2": 0,
      "cx": 640.0,
      "cy": 360.0,
      "is_fisheye": false,
      "camera_angle_x": 1.010608891083368,
      "camera_angle_y": 0.6033649616632821,
      "fovx": 57.90362419747328,
      "fovy": 34.57026580937878
    },
    {
      "file_path": "/home/doan/VA_0223/20250411_Final/Reconstruction_3D/data/processed_images/xe_F1_khan_50/frame_0006.png",
      "sharpness": 121.51412977430556,
      "transform_matrix": [
        [
          -0.5446499649384917,
          -0.4941865342808543,
          0.6775958124923032,
          2.557291186340743
        ],
        [
          0.8382129950787903,
          -0.3472430060621962,
          0.4205012123906448,
          1.8267557971951491
        ],
        [
          0.027484370012753376,
          0.7969955860271778,
          0.6033594661040736,
          2.4021361018594862
        ],
        [
          0.0,
          0.0,
          0.0,
          1.0
        ]
      ],
      "w": 1280.0,
      "h": 720.0,
      "fl_x": 1150.2475247671432,
      "fl_y": 1150.2475247671432,
      "k1": 0.03812589434233302,
      "k2": 0,
      "k3": 0,
      "k4": 0,
      "p1": 0,
      "p2": 0,
      "cx": 640.0,
      "cy": 360.0,
      "is_fisheye": false,
      "camera_angle_x": 1.0154901356598156,
      "camera_angle_y": 0.6066371286318356,
      "fovx": 58.18329891047485,
      "fovy": 34.75774716653901
    },
    {
      "file_path": "/home/doan/VA_0223/20250411_Final/Reconstruction_3D/data/processed_images/xe_F1_khan_50/frame_0002.png",
      "sharpness": 138.6875217013889,
      "transform_matrix": [
        [
          -0.058838401160026595,
          -0.6439857820383309,
          0.7627714960330767,
          2.811961037930706
        ],
        [
          0.9982513853113708,
          -0.0336118904138015,
          0.04862522541653075,
          0.20498743433404815
        ],
        [
          -0.005675761881219481,
          0.7642987331106001,
          0.6448373689325043,
          2.3487272825698366
        ],
        [
          0.0,
          0.0,
          0.0,
          1.0
        ]
      ],
      "w": 1280.0,
      "h": 720.0,
      "fl_x": 1151.1051042684685,
      "fl_y": 1151.1051042684685,
      "k1": 0.020745197105236934,
      "k2": 0,
      "k3": 0,
      "k4": 0,
      "p1": 0,
      "p2": 0,
      "cx": 640.0,
      "cy": 360.0,
      "is_fisheye": false,
      "camera_angle_x": 1.0148569639962326,
      "camera_angle_y": 0.6062123669840136,
      "fovx": 58.14702084644427,
      "fovy": 34.73341011681979
    },
    {
      "file_path": "/home/doan/VA_0223/20250411_Final/Reconstruction_3D/data/processed_images/xe_F1_khan_50/frame_0010.png",
      "sharpness": 136.32223307291667,
      "transform_matrix": [
        [
          -0.9138819407822169,
          -0.15797791375962203,
          0.3739823219824875,
          1.322467126365351
        ],
        [
          0.3936311224337468,
          -0.5702730076759616,
          0.7210015507388524,
          3.2592933696228763
        ],
        [
          0.09936970277141687,
          0.8061213776685557,
          0.5833472265435613,
          2.543601575990734
        ],
        [
          0.0,
          0.0,
          0.0,
          1.0
        ]
      ],
      "w": 1280.0,
      "h": 720.0,
      "fl_x": 1144.515520511446,
      "fl_y": 1144.515520511446,
      "k1": 0.06650812641039337,
      "k2": 0,
      "k3": 0,
      "k4": 0,
      "p1": 0,
      "p2": 0,
      "cx": 640.0,
      "cy": 360.0,
      "is_fisheye": false,
      "camera_angle_x": 1.0197407907792269,
      "camera_angle_y": 0.6094910864116304,
      "fovx": 58.42684350898279,
      "fovy": 34.92126690222978
    },
    {
      "file_path": "/home/doan/VA_0223/20250411_Final/Reconstruction_3D/data/processed_images/xe_F1_khan_50/frame_0009.png",
      "sharpness": 88.08990234375,
      "transform_matrix": [
        [
          -0.8575841755960386,
          -0.24170001525157161,
          0.4540159517833922,
          1.6017802322706596
        ],
        [
          0.5072751003981273,
          -0.5432960775823218,
          0.6689554130133055,
          2.9234646818506578
        ],
        [
          0.08497855223578409,
          0.8039965639027946,
          0.5885305183009667,
          2.5707997591340366
        ],
        [
          0.0,
          0.0,
          0.0,
          1.0
        ]
      ],
      "w": 1280.0,
      "h": 720.0,
      "fl_x": 1128.4689576931564,
      "fl_y": 1128.4689576931564,
      "k1": 0.07595206283115512,
      "k2": 0,
      "k3": 0,
      "k4": 0,
      "p1": 0,
      "p2": 0,
      "cx": 640.0,
      "cy": 360.0,
      "is_fisheye": false,
      "camera_angle_x": 1.0318145926398266,
      "camera_angle_y": 0.6176207417430073,
      "fovx": 59.11862139827235,
      "fovy": 35.38706184161371
    },
    {
      "file_path": "/home/doan/VA_0223/20250411_Final/Reconstruction_3D/data/processed_images/xe_F1_khan_50/frame_0007.png",
      "sharpness": 160.34855034722221,
      "transform_matrix": [
        [
          -0.6681120799078706,
          -0.41887092535578846,
          0.6149580446273479,
          2.438014627577987
        ],
        [
          0.7424357663057339,
          -0.429885194766795,
          0.5137974817283566,
          2.123677879137689
        ],
        [
          0.049146532171004405,
          0.7998411512777395,
          0.59819624804696,
          2.4491169005506666
        ],
        [
          0.0,
          0.0,
          0.0,
          1.0
        ]
      ],
      "w": 1280.0,
      "h": 720.0,
      "fl_x": 1155.8979671373772,
      "fl_y": 1155.8979671373772,
      "k1": 0.04897445533555674,
      "k2": 0,
      "k3": 0,
      "k4": 0,
      "p1": 0,
      "p2": 0,
      "cx": 640.0,
      "cy": 360.0,
      "is_fisheye": false,
      "camera_angle_x": 1.011331507749752,
      "camera_angle_y": 0.6038490235550193,
      "fovx": 57.9450270826629,
      "fovy": 34.59800051279844
    },
    {
      "file_path": "/home/doan/VA_0223/20250411_Final/Reconstruction_3D/data/processed_images/xe_F1_khan_50/frame_0004.png",
      "sharpness": 109.08556640625,
      "transform_matrix": [
        [
          -0.2800770085786677,
          -0.5942489772857792,
          0.7539396675726495,
          2.8381824301289087
        ],
        [
          0.9599752901970304,
          -0.1750726820170161,
          0.21862524607776795,
          1.0199398730587002
        ],
        [
          0.002076410790395857,
          0.7849953560903431,
          0.6194981674823746,
          2.369953129635728
        ],
        [
          0.0,
          0.0,
          0.0,
          1.0
        ]
      ],
      "w": 1280.0,
      "h": 720.0,
      "fl_x": 1159.2156047575481,
      "fl_y": 1159.2156047575481,
      "k1": 0.026428834943872624,
      "k2": 0,
      "k3": 0,
      "k4": 0,
      "p1": 0,
      "p2": 0,
      "cx": 640.0,
      "cy": 360.0,
      "is_fisheye": false,
      "camera_angle_x": 1.008904248984693,
      "camera_angle_y": 0.602223544322509,
      "fovx": 57.80595539963888,
      "fovy": 34.504867413089436
    },
    {
      "file_path": "/home/doan/VA_0223/20250411_Final/Reconstruction_3D/data/processed_images/xe_F1_khan_50/frame_0005.png",
      "sharpness": 113.61946831597223,
      "transform_matrix": [
        [
          -0.4146332478974595,
          -0.5516617477740482,
          0.7237047642927418,
          2.6270969020450816
        ],
        [
          0.9099264344372278,
          -0.26064223775291584,
          0.3226445533579865,
          1.3463989483747814
        ],
        [
          0.010637371022462757,
          0.792297254833376,
          0.6100425447462023,
          2.2949469868029517
        ],
        [
          0.0,
          0.0,
          0.0,
          1.0
        ]
      ],
      "w": 1280.0,
      "h": 720.0,
      "fl_x": 1151.348560698814,
      "fl_y": 1151.348560698814,
      "k1": 0.02828344856110699,
      "k2": 0,
      "k3": 0,
      "k4": 0,
      "p1": 0,
      "p2": 0,
      "cx": 640.0,
      "cy": 360.0,
      "is_fisheye": false,
      "camera_angle_x": 1.01467734553871,
      "camera_angle_y": 0.6060918873401171,
      "fovx": 58.13672946690557,
      "fovy": 34.72650714170728
    },
    {
      "file_path": "/home/doan/VA_0223/20250411_Final/Reconstruction_3D/data/processed_images/xe_F1_khan_50/frame_0012.png",
      "sharpness": 109.39001301930752,
      "transform_matrix": [
        [
          -0.9753385435500707,
          -0.027229796168087753,
          0.21902799762906544,
          0.7518135450291369
        ],
        [
          0.1909350451086823,
          -0.60189817089346,
          0.7754111170369695,
          3.303303954744855
        ],
        [
          0.11071826448400578,
          0.7981084701507415,
          0.5922536077243331,
          2.462535213694277
        ],
        [
          0.0,
          0.0,
          0.0,
          1.0
        ]
      ],
      "w": 1280.0,
      "h": 720.0,
      "fl_x": 1137.7565637943223,
      "fl_y": 1137.7565637943223,
      "k1": 0.08179429819941382,
      "k2": 0,
      "k3": 0,
      "k4": 0,
      "p1": 0,
      "p2": 0,
      "cx": 640.0,
      "cy": 360.0,
      "is_fisheye": false,
      "camera_angle_x": 1.0247948549408192,
      "camera_angle_y": 0.6128899633310274,
      "fovx": 58.716420054830365,
      "fovy": 35.116008204795655
    },
    {
      "file_path": "/home/doan/VA_0223/20250411_Final/Reconstruction_3D/data/processed_images/xe_F1_khan_50/frame_0013.png",
      "sharpness": 98.86715711805556,
      "transform_matrix": [
        [
          -0.9890444124349103,
          0.03425717967491188,
          0.14358828626016312,
          0.38616317724535554
        ],
        [
          0.09310199376316011,
          -0.6100865395695007,
          0.7868458762639002,
          3.300245519427536
        ],
        [
          0.11455640124681384,
          0.791593873098118,
          0.6002132713345275,
          2.5725902478137535
        ],
        [
          0.0,
          0.0,
          0.0,
          1.0
        ]
      ],
      "w": 1280.0,
      "h": 720.0,
      "fl_x": 1136.093987281251,
      "fl_y": 1136.093987281251,
      "k1": 0.08338574347952614,
      "k2": 0,
      "k3": 0,
      "k4": 0,
      "p1": 0,
      "p2": 0,
      "cx": 640.0,
      "cy": 360.0,
      "is_fisheye": false,
      "camera_angle_x": 1.026045060363789,
      "camera_angle_y": 0.6137316567447013,
      "fovx": 58.788051549090895,
      "fovy": 35.16423368504313
    },
    {
      "file_path": "/home/doan/VA_0223/20250411_Final/Reconstruction_3D/data/processed_images/xe_F1_khan_50/frame_0015.png",
      "sharpness": 151.93167100694444,
      "transform_matrix": [
        [
          -0.9814022398206229,
          0.187551278551022,
          -0.040916520722912623,
          -0.19250060602292468
        ],
        [
          -0.14849873855011264,
          -0.606676838799054,
          0.7809554007200926,
          3.2811003238574106
        ],
        [
          0.12164607844954642,
          0.7725074311799229,
          0.6232451367229739,
          2.654720138214195
        ],
        [
          0.0,
          0.0,
          0.0,
          1.0
        ]
      ],
      "w": 1280.0,
      "h": 720.0,
      "fl_x": 1138.6955392169994,
      "fl_y": 1138.6955392169994,
      "k1": 0.08071322326867288,
      "k2": 0,
      "k3": 0,
      "k4": 0,
      "p1": 0,
      "p2": 0,
      "cx": 640.0,
      "cy": 360.0,
      "is_fisheye": false,
      "camera_angle_x": 1.0240900004563909,
      "camera_angle_y": 0.6124155863580916,
      "fovx": 58.676034867701745,
      "fovy": 35.08882840634824
    },
    {
      "file_path": "/home/doan/VA_0223/20250411_Final/Reconstruction_3D/data/processed_images/xe_F1_khan_50/frame_0014.png",
      "sharpness": 155.89075303819445,
      "transform_matrix": [
        [
          -0.9923964286158219,
          0.10689201406982747,
          0.06101988100434758,
          0.12686920336003207
        ],
        [
          -0.01753808568721619,
          -0.6135108596960364,
          0.7894915076082365,
          3.290977886119469
        ],
        [
          0.12182669699279597,
          0.782418380671257,
          0.610720667381405,
          2.599213567523954
        ],
        [
          0.0,
          0.0,
          0.0,
          1.0
        ]
      ],
      "w": 1280.0,
      "h": 720.0,
      "fl_x": 1142.6308174753078,
      "fl_y": 1142.6308174753078,
      "k1": 0.0933102462131735,
      "k2": 0,
      "k3": 0,
      "k4": 0,
      "p1": 0,
      "p2": 0,
      "cx": 640.0,
      "cy": 360.0,
      "is_fisheye": false,
      "camera_angle_x": 1.0211455173997046,
      "camera_angle_y": 0.6104351695278938,
      "fovx": 58.50732841570584,
      "fovy": 34.97535888030123
    },
    {
      "file_path": "/home/doan/VA_0223/20250411_Final/Reconstruction_3D/data/processed_images/xe_F1_khan_50/frame_0016.png",
      "sharpness": 141.26712673611112,
      "transform_matrix": [
        [
          -0.9515149248536758,
          0.27416779487667875,
          -0.13946816164375586,
          -0.6806174827315736
        ],
        [
          -0.2802976870545154,
          -0.5860551622808111,
          0.7602450614084706,
          3.2064360811368333
        ],
        [
          0.12669867594710793,
          0.7624771256029497,
          0.6344888324665051,
          2.777559244982697
        ],
        [
          0.0,
          0.0,
          0.0,
          1.0
        ]
      ],
      "w": 1280.0,
      "h": 720.0,
      "fl_x": 1138.343301392957,
      "fl_y": 1138.343301392957,
      "k1": 0.08049009682024429,
      "k2": 0,
      "k3": 0,
      "k4": 0,
      "p1": 0,
      "p2": 0,
      "cx": 640.0,
      "cy": 360.0,
      "is_fisheye": false,
      "camera_angle_x": 1.0243543089474174,
      "camera_angle_y": 0.6125934559961028,
      "fovx": 58.69117862872704,
      "fovy": 35.09901958590981
    },
    {
      "file_path": "/home/doan/VA_0223/20250411_Final/Reconstruction_3D/data/processed_images/xe_F1_khan_50/frame_0017.png",
      "sharpness": 93.79427300347223,
      "transform_matrix": [
        [
          -0.902153130414196,
          0.3570171728936892,
          -0.2421951023905957,
          -1.17803675151738
        ],
        [
          -0.4130704486359737,
          -0.552857372374196,
          0.7236860716327511,
          3.1831358617510257
        ],
        [
          0.12446900744730084,
          0.7529192945625574,
          0.6462352529378909,
          2.8248884270178305
        ],
        [
          0.0,
          0.0,
          0.0,
          1.0
        ]
      ],
      "w": 1280.0,
      "h": 720.0,
      "fl_x": 1157.0693636996448,
      "fl_y": 1157.0693636996448,
      "k1": 0.0643452014994846,
      "k2": 0,
      "k3": 0,
      "k4": 0,
      "p1": 0,
      "p2": 0,
      "cx": 640.0,
      "cy": 360.0,
      "is_fisheye": false,
      "camera_angle_x": 1.010473270168029,
      "camera_angle_y": 0.6032741262236686,
      "fovx": 57.89585369141065,
      "fovy": 34.56506132205871
    },
    {
      "file_path": "/home/doan/VA_0223/20250411_Final/Reconstruction_3D/data/processed_images/xe_F1_khan_50/frame_0022.png",
      "sharpness": 128.87399305555556,
      "transform_matrix": [
        [
          -0.42536939008743685,
          0.6689601547095977,
          -0.6095516331424913,
          -2.421193734579592
        ],
        [
          -0.8999825191082065,
          -0.24170561781562314,
          0.3627807321455784,
          1.4221424777300478
        ],
        [
          0.09535380062253947,
          0.7029016330903401,
          0.704866616449499,
          3.0354670761676434
        ],
        [
          0.0,
          0.0,
          0.0,
          1.0
        ]
      ],
      "w": 1280.0,
      "h": 720.0,
      "fl_x": 1137.7595446581627,
      "fl_y": 1137.7595446581627,
      "k1": 0.07437917492929833,
      "k2": 0,
      "k3": 0,
      "k4": 0,
      "p1": 0,
      "p2": 0,
      "cx": 640.0,
      "cy": 360.0,
      "is_fisheye": false,
      "camera_angle_x": 1.0247926159169851,
      "camera_angle_y": 0.6128884562515197,
      "fovx": 58.71629176821444,
      "fovy": 35.115921855500474
    },
    {
      "file_path": "/home/doan/VA_0223/20250411_Final/Reconstruction_3D/data/processed_images/xe_F1_khan_50/frame_0018.png",
      "sharpness": 139.64398111969618,
      "transform_matrix": [
        [
          -0.8374920977427951,
          0.4354010774390517,
          -0.3302012841622691,
          -1.3113732118914114
        ],
        [
          -0.5318330143758391,
          -0.5106254055119593,
          0.6755851834267266,
          2.8926082142942757
        ],
        [
          0.1255413521399278,
          0.7414091967787932,
          0.6592054094998753,
          2.6848982160400863
        ],
        [
          0.0,
          0.0,
          0.0,
          1.0
        ]
      ],
      "w": 1280.0,
      "h": 720.0,
      "fl_x": 1151.952155463784,
      "fl_y": 1151.952155463784,
      "k1": 0.04903815810415522,
      "k2": 0,
      "k3": 0,
      "k4": 0,
      "p1": 0,
      "p2": 0,
      "cx": 640.0,
      "cy": 360.0,
      "is_fisheye": false,
      "camera_angle_x": 1.0142322726811048,
      "camera_angle_y": 0.6057933855966029,
      "fovx": 58.11122867058897,
      "fovy": 34.709404251626616
    },
    {
      "file_path": "/home/doan/VA_0223/20250411_Final/Reconstruction_3D/data/processed_images/xe_F1_khan_50/frame_0023.png",
      "sharpness": 120.2173025173611,
      "transform_matrix": [
        [
          -0.3081408030373602,
          0.693495989151373,
          -0.65123924836697,
          -2.603161553124206
        ],
        [
          -0.947643107288115,
          -0.1634548902637014,
          0.27432652088027415,
          1.0614006240776033
        ],
        [
          0.08379610207108201,
          0.7016735793489449,
          0.7075538151974929,
          2.9505313729110263
        ],
        [
          0.0,
          0.0,
          0.0,
          1.0
        ]
      ],
      "w": 1280.0,
      "h": 720.0,
      "fl_x": 1133.8049177434357,
      "fl_y": 1133.8049177434357,
      "k1": 0.07276572365527599,
      "k2": 0,
      "k3": 0,
      "k4": 0,
      "p1": 0,
      "p2": 0,
      "cx": 640.0,
      "cy": 360.0,
      "is_fisheye": false,
      "camera_angle_x": 1.0277709205481724,
      "camera_angle_y": 0.6148941872357757,
      "fovx": 58.88693605368574,
      "fovy": 35.23084177573696
    },
    {
      "file_path": "/home/doan/VA_0223/20250411_Final/Reconstruction_3D/data/processed_images/xe_F1_khan_50/frame_0021.png",
      "sharpness": 92.63856553819444,
      "transform_matrix": [
        [
          -0.5452340234094498,
          0.6283176014268333,
          -0.5549205812844755,
          -2.118344493736383
        ],
        [
          -0.8313935076199458,
          -0.3206087694707099,
          0.45386655795062436,
          1.9585519346047309
        ],
        [
          0.10725994233980252,
          0.7088208580070173,
          0.6971859838684749,
          2.931616681437659
        ],
        [
          0.0,
          0.0,
          0.0,
          1.0
        ]
      ],
      "w": 1280.0,
      "h": 720.0,
      "fl_x": 1142.067027333631,
      "fl_y": 1142.067027333631,
      "k1": 0.05084578930755538,
      "k2": 0,
      "k3": 0,
      "k4": 0,
      "p1": 0,
      "p2": 0,
      "cx": 640.0,
      "cy": 360.0,
      "is_fisheye": false,
      "camera_angle_x": 1.0215664131150903,
      "camera_angle_y": 0.6107181333786188,
      "fovx": 58.531443963812585,
      "fovy": 34.99157151470254
    },
    {
      "file_path": "/home/doan/VA_0223/20250411_Final/Reconstruction_3D/data/processed_images/xe_F1_khan_50/frame_0019.png",
      "sharpness": 125.40162543402778,
      "transform_matrix": [
        [
          -0.7553253950387906,
          0.506873262476219,
          -0.41540708163840334,
          -1.4374342752182934
        ],
        [
          -0.6441126457052693,
          -0.45730093235131836,
          0.6131841133894784,
          2.6264918081241393
        ],
        [
          0.12084058631373057,
          0.7307224870762359,
          0.6718944855106861,
          2.6763564797192396
        ],
        [
          0.0,
          0.0,
          0.0,
          1.0
        ]
      ],
      "w": 1280.0,
      "h": 720.0,
      "fl_x": 1166.1342816305878,
      "fl_y": 1166.1342816305878,
      "k1": 0.010364069287860083,
      "k2": 0,
      "k3": 0,
      "k4": 0,
      "p1": 0,
      "p2": 0,
      "cx": 640.0,
      "cy": 360.0,
      "is_fisheye": false,
      "camera_angle_x": 1.003876496951971,
      "camera_angle_y": 0.5988608879825923,
      "fovx": 57.517886427725585,
      "fovy": 34.3122013968593
    },
    {
      "file_path": "/home/doan/VA_0223/20250411_Final/Reconstruction_3D/data/processed_images/xe_F1_khan_50/frame_0020.png",
      "sharpness": 98.28045138888889,
      "transform_matrix": [
        [
          -0.6607446185224143,
          0.5749392201666195,
          -0.4825571906903837,
          -1.730063522030003
        ],
        [
          -0.7404556539604535,
          -0.39386531388211643,
          0.544605856595949,
          2.3354755534749403
        ],
        [
          0.12305272711210834,
          0.7171575891675304,
          0.6859613828262375,
          2.8618993630022342
        ],
        [
          0.0,
          0.0,
          0.0,
          1.0
        ]
      ],
      "w": 1280.0,
      "h": 720.0,
      "fl_x": 1147.452145460848,
      "fl_y": 1147.452145460848,
      "k1": 0.04948514907376351,
      "k2": 0,
      "k3": 0,
      "k4": 0,
      "p1": 0,
      "p2": 0,
      "cx": 640.0,
      "cy": 360.0,
      "is_fisheye": false,
      "camera_angle_x": 1.0175590454175947,
      "camera_angle_y": 0.6080257017020264,
      "fovx": 58.301838707789024,
      "fovy": 34.83730654300647
    },
    {
      "file_path": "/home/doan/VA_0223/20250411_Final/Reconstruction_3D/data/processed_images/xe_F1_khan_50/frame_0024.png",
      "sharpness": 129.9922439236111,
      "transform_matrix": [
        [
          -0.18808025973463202,
          0.7077929478407243,
          -0.6809221386944461,
          -2.503640329458654
        ],
        [
          -0.9796556311515108,
          -0.08578024611564292,
          0.18142930780208497,
          0.7240670489516984
        ],
        [
          0.07000471595114033,
          0.7011924788826343,
          0.7095269180110236,
          2.7724591028788317
        ],
        [
          0.0,
          0.0,
          0.0,
          1.0
        ]
      ],
      "w": 1280.0,
      "h": 720.0,
      "fl_x": 1135.6234116242795,
      "fl_y": 1135.6234116242795,
      "k1": 0.052793728129976035,
      "k2": 0,
      "k3": 0,
      "k4": 0,
      "p1": 0,
      "p2": 0,
      "cx": 640.0,
      "cy": 360.0,
      "is_fisheye": false,
      "camera_angle_x": 1.0263994230644464,
      "camera_angle_y": 0.6139702963095429,
      "fovx": 58.80835503625543,
      "fovy": 35.17790672493339
    },
    {
      "file_path": "/home/doan/VA_0223/20250411_Final/Reconstruction_3D/data/processed_images/xe_F1_khan_50/frame_0025.png",
      "sharpness": 98.39983072916667,
      "transform_matrix": [
        [
          -0.06163661238758636,
          0.7131077945608651,
          -0.6983396032225646,
          -2.618006569088879
        ],
        [
          -0.9965177231224983,
          -0.004602893863547161,
          0.08325407420001586,
          0.29027189898709016
        ],
        [
          0.05615474616663481,
          0.7010392904707722,
          0.7109082625616279,
          2.918061966463381
        ],
        [
          0.0,
          0.0,
          0.0,
          1.0
        ]
      ],
      "w": 1280.0,
      "h": 720.0,
      "fl_x": 1137.8906286637198,
      "fl_y": 1137.8906286637198,
      "k1": 0.07227085896857745,
      "k2": 0,
      "k3": 0,
      "k4": 0,
      "p1": 0,
      "p2": 0,
      "cx": 640.0,
      "cy": 360.0,
      "is_fisheye": false,
      "camera_angle_x": 1.0246941632672473,
      "camera_angle_y": 0.6128221892660175,
      "fovx": 58.71065084690258,
      "fovy": 35.11212503691014
    },
    {
      "file_path": "/home/doan/VA_0223/20250411_Final/Reconstruction_3D/data/processed_images/xe_F1_khan_50/frame_0028.png",
      "sharpness": 69.00629774305555,
      "transform_matrix": [
        [
          0.3622208899018172,
          0.6607168688457269,
          -0.6574566496892098,
          -2.5693965187126917
        ],
        [
          -0.9320560008040727,
          0.2629752034005935,
          -0.2492301220992422,
          -1.477206614846283
        ],
        [
          0.00822425028364322,
          0.7030627722284954,
          0.7110802346380116,
          2.982955678597714
        ],
        [
          0.0,
          0.0,
          0.0,
          1.0
        ]
      ],
      "w": 1280.0,
      "h": 720.0,
      "fl_x": 1121.6655395948471,
      "fl_y": 1121.6655395948471,
      "k1": 0.056761005019576226,
      "k2": 0,
      "k3": 0,
      "k4": 0,
      "p1": 0,
      "p2": 0,
      "cx": 640.0,
      "cy": 360.0,
      "is_fisheye": false,
      "camera_angle_x": 1.037012479009755,
      "camera_angle_y": 0.6211312618611555,
      "fovx": 59.41643834965784,
      "fovy": 35.58819982827937
    },
    {
      "file_path": "/home/doan/VA_0223/20250411_Final/Reconstruction_3D/data/processed_images/xe_F1_khan_50/frame_0026.png",
      "sharpness": 104.64237847222222,
      "transform_matrix": [
        [
          0.0792456613226994,
          0.709833912381123,
          -0.6998970939176438,
          -2.64023888944839
        ],
        [
          -0.9962102820512174,
          0.08164186447105935,
          -0.029994664545412532,
          -0.1309424654092771
        ],
        [
          0.03584967360048304,
          0.6996216283665769,
          0.713613605604345,
          2.9483492722758977
        ],
        [
          0.0,
          0.0,
          0.0,
          1.0
        ]
      ],
      "w": 1280.0,
      "h": 720.0,
      "fl_x": 1131.9057257965635,
      "fl_y": 1131.9057257965635,
      "k1": 0.07992267337222711,
      "k2": 0,
      "k3": 0,
      "k4": 0,
      "p1": 0,
      "p2": 0,
      "cx": 640.0,
      "cy": 360.0,
      "is_fisheye": false,
      "camera_angle_x": 1.0292068463081654,
      "camera_angle_y": 0.6158619554851704,
      "fovx": 58.969208539427456,
      "fovy": 35.28629081197404
    },
    {
      "file_path": "/home/doan/VA_0223/20250411_Final/Reconstruction_3D/data/processed_images/xe_F1_khan_50/frame_0027.png",
      "sharpness": 81.55612196180556,
      "transform_matrix": [
        [
          0.22280577557682055,
          0.6935786976030126,
          -0.685059250488632,
          -2.576644655230523
        ],
        [
          -0.9746380044949743,
          0.17357357600499193,
          -0.14125499604248049,
          -0.8419035912849971
        ],
        [
          0.02093672769754907,
          0.6991572098044094,
          0.7146613530134585,
          2.920425626783529
        ],
        [
          0.0,
          0.0,
          0.0,
          1.0
        ]
      ],
      "w": 1280.0,
      "h": 720.0,
      "fl_x": 1106.1723068003346,
      "fl_y": 1106.1723068003346,
      "k1": 0.06392703645368121,
      "k2": 0,
      "k3": 0,
      "k4": 0,
      "p1": 0,
      "p2": 0,
      "cx": 640.0,
      "cy": 360.0,
      "is_fisheye": false,
      "camera_angle_x": 1.0490287391843665,
      "camera_angle_y": 0.6292715343482583,
      "fovx": 60.1049193431942,
      "fovy": 36.05460308587682
    },
    {
      "file_path": "/home/doan/VA_0223/20250411_Final/Reconstruction_3D/data/processed_images/xe_F1_khan_50/frame_0033.png",
      "sharpness": 42.688226996527774,
      "transform_matrix": [
        [
          0.8981372407753225,
          0.3276787843281362,
          -0.29321683292889544,
          -1.0438160743453881
        ],
        [
          -0.4370328613316253,
          0.5916716603469343,
          -0.6774414546355005,
          -2.9486276091301704
        ],
        [
          -0.04849510192773569,
          0.7365807903386616,
          0.6746087491815433,
          2.7267762970553893
        ],
        [
          0.0,
          0.0,
          0.0,
          1.0
        ]
      ],
      "w": 1280.0,
      "h": 720.0,
      "fl_x": 1124.846613433488,
      "fl_y": 1124.846613433488,
      "k1": 0.07385633253089736,
      "k2": 0,
      "k3": 0,
      "k4": 0,
      "p1": 0,
      "p2": 0,
      "cx": 640.0,
      "cy": 360.0,
      "is_fisheye": false,
      "camera_angle_x": 1.0345761908522253,
      "camera_angle_y": 0.6194850533691038,
      "fovx": 59.27684932055368,
      "fovy": 35.49387902948621
    },
    {
      "file_path": "/home/doan/VA_0223/20250411_Final/Reconstruction_3D/data/processed_images/xe_F1_khan_50/frame_0035.png",
      "sharpness": 40.94013888888889,
      "transform_matrix": [
        [
          0.9858208273769508,
          0.14919109693358215,
          -0.07680698525983963,
          -0.4422378851912895
        ],
        [
          -0.15509124681973127,
          0.6353488598242834,
          -0.7564909328471511,
          -3.152329025074965
        ],
        [
          -0.06406248158039567,
          0.757676608430953,
          0.6494783719028101,
          2.556352558659393
        ],
        [
          0.0,
          0.0,
          0.0,
          1.0
        ]
      ],
      "w": 1280.0,
      "h": 720.0,
      "fl_x": 1117.698947670457,
      "fl_y": 1117.698947670457,
      "k1": 0.152998193302244,
      "k2": 0,
      "k3": 0,
      "k4": 0,
      "p1": 0,
      "p2": 0,
      "cx": 640.0,
      "cy": 360.0,
      "is_fisheye": false,
      "camera_angle_x": 1.0400650139468839,
      "camera_angle_y": 0.6231958735816562,
      "fovx": 59.591335718371546,
      "fovy": 35.7064933661973
    },
    {
      "file_path": "/home/doan/VA_0223/20250411_Final/Reconstruction_3D/data/processed_images/xe_F1_khan_50/frame_0032.png",
      "sharpness": 62.13459852430555,
      "transform_matrix": [
        [
          0.8252115539258805,
          0.4128839584467043,
          -0.38542538603955534,
          -1.3743042497536606
        ],
        [
          -0.5632953127418543,
          0.5514269822475406,
          -0.6153264774836978,
          -2.5582563300520897
        ],
        [
          -0.04152447425515057,
          0.7248828320238618,
          0.687619515396483,
          2.711120073020645
        ],
        [
          0.0,
          0.0,
          0.0,
          1.0
        ]
      ],
      "w": 1280.0,
      "h": 720.0,
      "fl_x": 1109.9815856898385,
      "fl_y": 1109.9815856898385,
      "k1": 0.11104066175802305,
      "k2": 0,
      "k3": 0,
      "k4": 0,
      "p1": 0,
      "p2": 0,
      "cx": 640.0,
      "cy": 360.0,
      "is_fisheye": false,
      "camera_angle_x": 1.0460509809155825,
      "camera_angle_y": 0.6272510411612615,
      "fovx": 59.9343063619827,
      "fovy": 35.93883735372697
    },
    {
      "file_path": "/home/doan/VA_0223/20250411_Final/Reconstruction_3D/data/processed_images/xe_F1_khan_50/frame_0030.png",
      "sharpness": 64.00008463541667,
      "transform_matrix": [
        [
          0.6171924303245573,
          0.5595197475610632,
          -0.5531827511034642,
          -2.1239559552777383
        ],
        [
          -0.7866643281589062,
          0.42518476622066775,
          -0.44763506271989134,
          -1.8547882354460803
        ],
        [
          -0.015255778587282033,
          0.7114461095044775,
          0.7025750455074774,
          2.824383782037649
        ],
        [
          0.0,
          0.0,
          0.0,
          1.0
        ]
      ],
      "w": 1280.0,
      "h": 720.0,
      "fl_x": 1119.167138545759,
      "fl_y": 1119.167138545759,
      "k1": 0.10547240427962497,
      "k2": 0,
      "k3": 0,
      "k4": 0,
      "p1": 0,
      "p2": 0,
      "cx": 640.0,
      "cy": 360.0,
      "is_fisheye": false,
      "camera_angle_x": 1.0389332504722055,
      "camera_angle_y": 0.6224301339541513,
      "fovx": 59.52649044786542,
      "fovy": 35.662619717335346
    },
    {
      "file_path": "/home/doan/VA_0223/20250411_Final/Reconstruction_3D/data/processed_images/xe_F1_khan_50/frame_0031.png",
      "sharpness": 56.22006293402778,
      "transform_matrix": [
        [
          0.7284316735744607,
          0.4906125165552563,
          -0.47821193587357763,
          -1.8335523567226342
        ],
        [
          -0.6845947140845362,
          0.49394290912227773,
          -0.536050818463512,
          -2.2149834340340755
        ],
        [
          -0.026783846265497208,
          0.7178577583255206,
          0.6956743954396193,
          2.850683534016678
        ],
        [
          0.0,
          0.0,
          0.0,
          1.0
        ]
      ],
      "w": 1280.0,
      "h": 720.0,
      "fl_x": 1124.9972603098888,
      "fl_y": 1124.9972603098888,
      "k1": 0.12970817899181125,
      "k2": 0,
      "k3": 0,
      "k4": 0,
      "p1": 0,
      "p2": 0,
      "cx": 640.0,
      "cy": 360.0,
      "is_fisheye": false,
      "camera_angle_x": 1.034461073049508,
      "camera_angle_y": 0.6194073028936082,
      "fovx": 59.27025355631116,
      "fovy": 35.489424255385174
    },
    {
      "file_path": "/home/doan/VA_0223/20250411_Final/Reconstruction_3D/data/processed_images/xe_F1_khan_50/frame_0034.png",
      "sharpness": 50.33305989583334,
      "transform_matrix": [
        [
          0.9516496949300263,
          0.2403668581655712,
          -0.1912763229318422,
          -0.7893964958341515
        ],
        [
          -0.3020400305312258,
          0.6186856329783732,
          -0.7252585108103965,
          -3.087798620795673
        ],
        [
          -0.05598819667447349,
          0.7479651469763536,
          0.6613724070604833,
          2.5833628572442078
        ],
        [
          0.0,
          0.0,
          0.0,
          1.0
        ]
      ],
      "w": 1280.0,
      "h": 720.0,
      "fl_x": 1123.8569502731914,
      "fl_y": 1123.8569502731914,
      "k1": 0.1278809381058517,
      "k2": 0,
      "k3": 0,
      "k4": 0,
      "p1": 0,
      "p2": 0,
      "cx": 640.0,
