{
  "camera_angle_x": 1.0311707253309468,
  "camera_angle_y": 0.6137347746735908,
  "fl_x": 1129.3160446948564,
  "fl_y": 1136.0878367223831,
  "k1": 0.11872248933773563,
  "k2": -0.34335292362779857,
  "k3": 0,
  "k4": 0,
  "p1": -0.002131858090371495,
  "p2": -0.0040215605060191,
  "is_fisheye": false,
  "cx": 629.3317688427431,
  "cy": 369.0430162550439,
  "w": 1280.0,
  "h": 720.0,
  "aabb_scale": 4,
  "frames": [
    {
      "file_path": "/home/doan/VA_0223/xe_F1_khan_100-20250427T015707Z-001/xe_F1_khan_100/frame_0000.png",
      "sharpness": 206.5707834201389,
      "transform_matrix": [
        [
          0.06409985643998461,
          -0.6551936835612076,
          0.7527366375471642,
          2.7366069304451677
        ],
        [
          0.9977852268444285,
          0.05551063932583174,
          -0.036649829647353825,
          -0.0753853716670283
        ],
        [
          -0.017772155105679442,
          0.753418745468055,
          0.6573008021908339,
          2.3137784323693436
        ],
        [
          0.0,
          0.0,
          0.0,
          1.0
        ]
      ]
    },
    {
      "file_path": "/home/doan/VA_0223/xe_F1_khan_100-20250427T015707Z-001/xe_F1_khan_100/frame_0015.png",
      "sharpness": 115.39254340277778,
      "transform_matrix": [
        [
          -0.7162921341729457,
          -0.39107102107484304,
          0.5779178445742856,
          2.324129066379629
        ],
        [
          0.6961894889309772,
          -0.4567528742516007,
          0.553802317948793,
          2.274702845974752
        ],
        [
          0.047389598636745474,
          0.7990245730917291,
          0.5994280253851165,
          2.4180085228077575
        ],
        [
          0.0,
          0.0,
          0.0,
          1.0
        ]
      ]
    },
    {
      "file_path": "/home/doan/VA_0223/xe_F1_khan_100-20250427T015707Z-001/xe_F1_khan_100/frame_0002.png",
      "sharpness": 159.014921875,
      "transform_matrix": [
        [
          0.02664198880193562,
          -0.6520535595355257,
          0.7577046654268862,
          2.756145862414067
        ],
        [
          0.9995304744874504,
          0.028851354110603855,
          -0.010316488618074417,
          -0.02748906386001159
        ],
        [
          -0.015133902488164548,
          0.7576237555297286,
          0.6525160612069104,
          2.3241913031112293
        ],
        [
          0.0,
          0.0,
          0.0,
          1.0
        ]
      ]
    },
    {
      "file_path": "/home/doan/VA_0223/xe_F1_khan_100-20250427T015707Z-001/xe_F1_khan_100/frame_0001.png",
      "sharpness": 156.94151041666666,
      "transform_matrix": [
        [
          0.048758251931745,
          -0.6545779186472648,
          0.7544205600114017,
          2.7387594087384115
        ],
        [
          0.9986761371532357,
          0.04434359470208987,
          -0.026069497312347603,
          -0.06707498756171383
        ],
        [
          -0.016389202257172303,
          0.7546929137788568,
          0.6558734634224992,
          2.305886340248211
        ],
        [
          0.0,
          0.0,
          0.0,
          1.0
        ]
      ]
    },
    {
      "file_path": "/home/doan/VA_0223/xe_F1_khan_100-20250427T015707Z-001/xe_F1_khan_100/frame_0013.png",
      "sharpness": 136.70526041666668,
      "transform_matrix": [
        [
          -0.5912629386851463,
          -0.4700137963177846,
          0.6553588091177921,
          2.5356418843879567
        ],
        [
          0.8057253451268805,
          -0.37938392208950095,
          0.4548345939797094,
          1.8977278811396008
        ],
        [
          0.03485406116595114,
          0.7969660413104827,
          0.6030176809170774,
          2.412864919079919
        ],
        [
          0.0,
          0.0,
          0.0,
          1.0
        ]
      ]
    },
    {
      "file_path": "/home/doan/VA_0223/xe_F1_khan_100-20250427T015707Z-001/xe_F1_khan_100/frame_0008.png",
      "sharpness": 109.08556640625,
      "transform_matrix": [
        [
          -0.26346900301595483,
          -0.6008786382793271,
          0.7546714163059987,
          2.8230316492449776
        ],
        [
          0.9646559931707485,
          -0.16022855062420363,
          0.20920235755161554,
          0.9418757993465644
        ],
        [
          -0.004785320498214493,
          0.7831166411869501,
          0.6218564360720816,
          2.3537587762776373
        ],
        [
          0.0,
          0.0,
          0.0,
          1.0
        ]
      ]
    },
    {
      "file_path": "/home/doan/VA_0223/xe_F1_khan_100-20250427T015707Z-001/xe_F1_khan_100/frame_0011.png",
      "sharpness": 124.82744574652777,
      "transform_matrix": [
        [
          -0.4663872213108639,
          -0.5331798585860452,
          0.7058343986205527,
          2.626121097362394
        ],
        [
          0.8845176669395067,
          -0.29061743307338755,
          0.3649246558760545,
          1.527807958548846
        ],
        [
          0.010557304687447332,
          0.7945191917553577,
          0.6071472616512583,
          2.368153477090664
        ],
        [
          0.0,
          0.0,
          0.0,
          1.0
        ]
      ]
    },
    {
      "file_path": "/home/doan/VA_0223/xe_F1_khan_100-20250427T015707Z-001/xe_F1_khan_100/frame_0014.png",
      "sharpness": 160.34855034722221,
      "transform_matrix": [
        [
          -0.6541801878826577,
          -0.431700266705796,
          0.6210339456003164,
          2.4614365400249283
        ],
        [
          0.7550355971063059,
          -0.42092691975714236,
          0.5027342989359478,
          2.031662166775058
        ],
        [
          0.044379374853365974,
          0.7977815540725943,
          0.6013111200947577,
          2.4339883433398843
        ],
        [
          0.0,
          0.0,
          0.0,
          1.0
        ]
      ]
    },
    {
      "file_path": "/home/doan/VA_0223/xe_F1_khan_100-20250427T015707Z-001/xe_F1_khan_100/frame_0005.png",
      "sharpness": 114.23141493055556,
      "transform_matrix": [
        [
          -0.09052643320918954,
          -0.638247644888931,
          0.7644899664247379,
          2.8624769324939137
        ],
        [
          0.9957918788677952,
          -0.047014751263488475,
          0.0786647770295484,
          0.343389851480751
        ],
        [
          -0.01426530305993045,
          0.7683941417253486,
          0.639817899226995,
          2.3948376539347453
        ],
        [
          0.0,
          0.0,
          0.0,
          1.0
        ]
      ]
    },
    {
      "file_path": "/home/doan/VA_0223/xe_F1_khan_100-20250427T015707Z-001/xe_F1_khan_100/frame_0006.png",
      "sharpness": 127.8015017361111,
      "transform_matrix": [
        [
          -0.1443290316025257,
          -0.6292199951796685,
          0.7637089290971505,
          2.895626315865363
        ],
        [
          0.9894394355556486,
          -0.08133990441668594,
          0.11997259402602804,
          0.5545016278534335
        ],
        [
          -0.013369143739817908,
          0.772959260049313,
          0.6343147865060015,
          2.3785769294262344
        ],
        [
          0.0,
          0.0,
          0.0,
          1.0
        ]
      ]
    },
    {
      "file_path": "/home/doan/VA_0223/xe_F1_khan_100-20250427T015707Z-001/xe_F1_khan_100/frame_0009.png",
      "sharpness": 120.83942925347222,
      "transform_matrix": [
        [
          -0.3282033360062144,
          -0.5834404605332291,
          0.7428861281024886,
          2.725370877709402
        ],
        [
          0.9446066377196758,
          -0.20349270596200267,
          0.25750537585984723,
          1.1287324249546835
        ],
        [
          0.0009328533477587914,
          0.7862492910722162,
          0.6179087166835736,
          2.320939251084532
        ],
        [
          0.0,
          0.0,
          0.0,
          1.0
        ]
      ]
    },
    {
      "file_path": "/home/doan/VA_0223/xe_F1_khan_100-20250427T015707Z-001/xe_F1_khan_100/frame_0007.png",
      "sharpness": 106.34545355902777,
      "transform_matrix": [
        [
          -0.20297531318079226,
          -0.6176062494881959,
          0.7598444202020734,
          2.894343438341498
        ],
        [
          0.9791251281015269,
          -0.11951733696734122,
          0.1644067811403584,
          0.7591503683492475
        ],
        [
          -0.010724073878478152,
          0.7773532831585958,
          0.6289728670479139,
          2.3956212039472797
        ],
        [
          0.0,
          0.0,
          0.0,
          1.0
        ]
      ]
    },
    {
      "file_path": "/home/doan/VA_0223/xe_F1_khan_100-20250427T015707Z-001/xe_F1_khan_100/frame_0003.png",
      "sharpness": 151.98815321180555,
      "transform_matrix": [
        [
          -0.002832516677620172,
          -0.6501675136204801,
          0.7597856152637895,
          2.791148311241536
        ],
        [
          0.9999038078335923,
          0.008474719788400292,
          0.010979717888938,
          0.03290891123856221
        ],
        [
          -0.01357762606872305,
          0.7597436300734881,
          0.6500809678136783,
          2.341670065754912
        ],
        [
          0.0,
          0.0,
          0.0,
          1.0
        ]
      ]
    },
    {
      "file_path": "/home/doan/VA_0223/xe_F1_khan_100-20250427T015707Z-001/xe_F1_khan_100/frame_0004.png",
      "sharpness": 138.6875217013889,
      "transform_matrix": [
        [
          -0.041977255652520105,
          -0.6452014574031407,
          0.7628584334283051,
          2.8036295926566264
        ],
        [
          0.9990347085507603,
          -0.017213122253143913,
          0.040414842987768276,
          0.14049979616797784
        ],
        [
          -0.012944540119983944,
          0.7638185569017902,
          0.6453012095866709,
          2.344971496511825
        ],
        [
          0.0,
          0.0,
          0.0,
          1.0
        ]
      ]
    },
    {
      "file_path": "/home/doan/VA_0223/xe_F1_khan_100-20250427T015707Z-001/xe_F1_khan_100/frame_0012.png",
      "sharpness": 121.51412977430556,
      "transform_matrix": [
        [
          -0.529352257844553,
          -0.5040904344897296,
          0.6824067856130762,
          2.5845806115488297
        ],
        [
          0.8481158889687748,
          -0.3353087208328631,
          0.4102042181799991,
          1.7486981075937198
        ],
        [
          0.022036923799710936,
          0.7959025666895004,
          0.6050235354157578,
          2.395153382811755
        ],
        [
          0.0,
          0.0,
          0.0,
          1.0
        ]
      ]
    },
    {
      "file_path": "/home/doan/VA_0223/xe_F1_khan_100-20250427T015707Z-001/xe_F1_khan_100/frame_0010.png",
      "sharpness": 113.61946831597223,
      "transform_matrix": [
        [
          -0.3982343259328651,
          -0.5591945361916119,
          0.727125087190771,
          2.642554132698529
        ],
        [
          0.9172695135242315,
          -0.24717949547770512,
          0.31228022123557125,
          1.2716426623930617
        ],
        [
          0.0051050187253579085,
          0.7913303784046563,
          0.6113674599438779,
          2.2902774963859294
        ],
        [
          0.0,
          0.0,
          0.0,
          1.0
        ]
      ]
    },
    {
      "file_path": "/home/doan/VA_0223/xe_F1_khan_100-20250427T015707Z-001/xe_F1_khan_100/frame_0019.png",
      "sharpness": 115.64473090277778,
      "transform_matrix": [
        [
          -0.8818813225975191,
          -0.21671223360781872,
          0.41871367393279846,
          1.4981983746309515
        ],
        [
          0.46416438706634144,
          -0.5548262307953747,
          0.690448604460357,
          3.1056215490959533
        ],
        [
          0.08268467022661294,
          0.8032457043044249,
          0.5898809913079729,
          2.5746197064024705
        ],
        [
          0.0,
          0.0,
          0.0,
          1.0
        ]
      ]
    },
    {
      "file_path": "/home/doan/VA_0223/xe_F1_khan_100-20250427T015707Z-001/xe_F1_khan_100/frame_0020.png",
      "sharpness": 136.32223307291667,
      "transform_matrix": [
        [
          -0.9077328807704934,
          -0.17615263702082398,
          0.38077718644721015,
          1.3857478877792444
        ],
        [
          0.40967273724408143,
          -0.5679136982291855,
          0.7138923446312632,
          3.2036031167077614
        ],
        [
          0.09049456110076327,
          0.8040175868040664,
          0.5876788703036868,
          2.5432724174940002
        ],
        [
          0.0,
          0.0,
          0.0,
          1.0
        ]
      ]
    },
    {
      "file_path": "/home/doan/VA_0223/xe_F1_khan_100-20250427T015707Z-001/xe_F1_khan_100/frame_0017.png",
      "sharpness": 88.55600694444445,
      "transform_matrix": [
        [
          -0.8125113003145013,
          -0.3005606881012284,
          0.49948839797266165,
          1.8907379034059886
        ],
        [
          0.5790649716784342,
          -0.5148337647405634,
          0.6321629167063206,
          2.6986321662719384
        ],
        [
          0.0671501711351669,
          0.802875748489406,
          0.5923524179781539,
          2.5175604516828454
        ],
        [
          0.0,
          0.0,
          0.0,
          1.0
        ]
      ]
    },
    {
      "file_path": "/home/doan/VA_0223/xe_F1_khan_100-20250427T015707Z-001/xe_F1_khan_100/frame_0018.png",
      "sharpness": 88.08990234375,
      "transform_matrix": [
        [
          -0.8497213663489831,
          -0.25677505070583223,
          0.46047820033631937,
          1.6781542830987914
        ],
        [
          0.5215707344464597,
          -0.5370384673039833,
          0.6629884264489831,
          2.8996278723156963
        ],
        [
          0.07705562011669609,
          0.8035273847417908,
          0.5902594120036726,
          2.5882815432528217
        ],
        [
          0.0,
          0.0,
          0.0,
          1.0
        ]
      ]
    },
    {
      "file_path": "/home/doan/VA_0223/xe_F1_khan_100-20250427T015707Z-001/xe_F1_khan_100/frame_0022.png",
      "sharpness": 118.00666232638889,
      "transform_matrix": [
        [
          -0.9460201490864314,
          -0.10472126357053259,
          0.30672354744723607,
          1.1784481506485567
        ],
        [
          0.3077861780558714,
          -0.5868045165132418,
          0.7489513522238598,
          3.2456600399940236
        ],
        [
          0.10155563100526038,
          0.8029283382778252,
          0.5873606536720055,
          2.5005157117439487
        ],
        [
          0.0,
          0.0,
          0.0,
          1.0
        ]
      ]
    },
    {
      "file_path": "/home/doan/VA_0223/xe_F1_khan_100-20250427T015707Z-001/xe_F1_khan_100/frame_0016.png",
      "sharpness": 105.70344618055556,
      "transform_matrix": [
        [
          -0.767932338749279,
          -0.34708651834966714,
          0.5383408510998495,
          2.1055931741451257
        ],
        [
          0.6379530279148137,
          -0.4897759713419716,
          0.5942519937458179,
          2.4940285809411558
        ],
        [
          0.05740955772890849,
          0.7997814993730348,
          0.5975397024654207,
          2.431951505801672
        ],
        [
          0.0,
          0.0,
          0.0,
          1.0
        ]
      ]
    },
    {
      "file_path": "/home/doan/VA_0223/xe_F1_khan_100-20250427T015707Z-001/xe_F1_khan_100/frame_0026.png",
      "sharpness": 98.86715711805556,
      "transform_matrix": [
        [
          -0.9879677269473874,
          0.017323982938657705,
          0.1536868576212478,
          0.4683780729583299
        ],
        [
          0.11113439785111713,
          -0.6115553639840225,
          0.7833576337772984,
          3.283969236718128
        ],
        [
          0.10755889643454807,
          0.7910119572092102,
          0.6022716724455072,
          2.5758807376788746
        ],
        [
          0.0,
          0.0,
          0.0,
          1.0
        ]
      ]
    },
    {
      "file_path": "/home/doan/VA_0223/xe_F1_khan_100-20250427T015707Z-001/xe_F1_khan_100/frame_0028.png",
      "sharpness": 155.89075303819445,
      "transform_matrix": [
        [
          -0.9933995915269476,
          0.08971607415153375,
          0.07147221609038995,
          0.2088908107938867
        ],
        [
          0.0008695537912639488,
          -0.6171875188076229,
          0.7868156140448818,
          3.2642181839685542
        ],
        [
          0.11470176768574529,
          0.7816844585356817,
          0.6130358161266071,
          2.590164314978376
        ],
        [
          0.0,
          0.0,
          0.0,
          1.0
        ]
      ]
    },
    {
      "file_path": "/home/doan/VA_0223/xe_F1_khan_100-20250427T015707Z-001/xe_F1_khan_100/frame_0021.png",
      "sharpness": 119.73377170138889,
      "transform_matrix": [
        [
          -0.9289429498895742,
          -0.1379702972637932,
          0.3435537701777384,
          1.2945355342423095
        ],
        [
          0.3572270301529027,
          -0.5777447914530283,
          0.7338935923399006,
          3.2241478418522522
        ],
        [
          0.09723088420910989,
          0.8044719715917101,
          0.585978670396571,
          2.5251944812104896
        ],
        [
          0.0,
          0.0,
          0.0,
          1.0
        ]
      ]
    },
    {
      "file_path": "/home/doan/VA_0223/xe_F1_khan_100-20250427T015707Z-001/xe_F1_khan_100/frame_0029.png",
      "sharpness": 151.10894965277777,
      "transform_matrix": [
        [
          -0.991452668845105,
          0.12908178999740122,
          0.01896040640194924,
          0.07900248224494798
        ],
        [
          -0.06516817810068193,
          -0.6158719845356772,
          0.7851463603861734,
          3.2840215736627263
        ],
        [
          0.11302528072696318,
          0.7771998392976285,
          0.6190199478149337,
          2.65527197898626
        ],
        [
          0.0,
          0.0,
          0.0,
          1.0
        ]
      ]
    },
    {
      "file_path": "/home/doan/VA_0223/xe_F1_khan_100-20250427T015707Z-001/xe_F1_khan_100/frame_0024.png",
      "sharpness": 109.39001301930752,
      "transform_matrix": [
        [
          -0.9724379404339968,
          -0.04339415311725192,
          0.22908819166352767,
          0.832800096375266
        ],
        [
          0.20843399663092624,
          -0.6021335274608864,
          0.7707077813000851,
          3.2737213077158787
        ],
        [
          0.10449746947560196,
          0.7972152548932905,
          0.5945823040749645,
          2.465647118739365
        ],
        [
          0.0,
          0.0,
          0.0,
          1.0
        ]
      ]
    },
    {
      "file_path": "/home/doan/VA_0223/xe_F1_khan_100-20250427T015707Z-001/xe_F1_khan_100/frame_0027.png",
      "sharpness": 154.11770182291667,
      "transform_matrix": [
        [
          -0.9919335594772516,
          0.052320143049300896,
          0.11545742199630513,
          0.3269205457961849
        ],
        [
          0.05899257702873515,
          -0.6156486501544346,
          0.7858095287148548,
          3.273003645974127
        ],
        [
          0.11219487295420097,
          0.7862819737499233,
          0.6075960568660627,
          2.5714347063237817
        ],
        [
          0.0,
          0.0,
          0.0,
          1.0
        ]
      ]
    },
    {
      "file_path": "/home/doan/VA_0223/xe_F1_khan_100-20250427T015707Z-001/xe_F1_khan_100/frame_0025.png",
      "sharpness": 120.33760633680555,
      "transform_matrix": [
        [
          -0.9814028257878458,
          -0.01276302209022773,
          0.19153485030849063,
          0.6615217591249469
        ],
        [
          0.1597784363508173,
          -0.6073297286089935,
          0.778216841263117,
          3.277852804173724
        ],
        [
          0.10639240992099151,
          0.7943473459802936,
          0.59807436755452,
          2.534076350056779
        ],
        [
          0.0,
          0.0,
          0.0,
          1.0
        ]
      ]
    },
    {
      "file_path": "/home/doan/VA_0223/xe_F1_khan_100-20250427T015707Z-001/xe_F1_khan_100/frame_0023.png",
      "sharpness": 95.71068358862154,
      "transform_matrix": [
        [
          -0.9600065809343635,
          -0.07265178213728153,
          0.27038691387515856,
          0.995684169241389
        ],
        [
          0.2593515617148078,
          -0.5945698229890252,
          0.7610673380374565,
          3.259191993750904
        ],
        [
          0.1054710010864037,
          0.8007549214309255,
          0.5896332960531113,
          2.4495544264250304
        ],
        [
          0.0,
          0.0,
          0.0,
          1.0
        ]
      ]
    },
    {
      "file_path": "/home/doan/VA_0223/xe_F1_khan_100-20250427T015707Z-001/xe_F1_khan_100/frame_0030.png",
      "sharpness": 151.93167100694444,
      "transform_matrix": [
        [
          -0.9848162966695805,
          0.1710333211042896,
          -0.0297399557160423,
          -0.10519636781506875
        ],
        [
          -0.1298759104678082,
          -0.6122083108570989,
          0.7799571988245168,
          3.2744699855633823
        ],
        [
          0.11519162198027255,
          0.7719770639330328,
          0.6251258297873796,
          2.652584055820262
        ],
        [
          0.0,
          0.0,
          0.0,
          1.0
        ]
      ]
    },
    {
      "file_path": "/home/doan/VA_0223/xe_F1_khan_100-20250427T015707Z-001/xe_F1_khan_100/frame_0031.png",
      "sharpness": 129.80981770833333,
      "transform_matrix": [
        [
          -0.9736360857656869,
          0.2144737951807304,
          -0.07767730528016223,
          -0.3290486843695789
        ],
        [
          -0.1948041155067551,
          -0.6046267700428571,
          0.7723197689621204,
          3.242199658156151
        ],
        [
          0.1186765737452334,
          0.7670902555617887,
          0.6304668197032367,
          2.6935638790983623
        ],
        [
          0.0,
          0.0,
          0.0,
          1.0
        ]
      ]
    },
    {
      "file_path": "/home/doan/VA_0223/xe_F1_khan_100-20250427T015707Z-001/xe_F1_khan_100/frame_0032.png",
      "sharpness": 141.26712673611112,
      "transform_matrix": [
        [
          -0.9575903282762112,
          0.25801132603972526,
          -0.12826113560632132,
          -0.5930564733067017
        ],
        [
          -0.2619921366635217,
          -0.5944182636507789,
          0.7602809008290334,
          3.2133270860256617
        ],
        [
          0.11992032186458904,
          0.7616410463753969,
          0.6368061188152604,
          2.7767551378074695
        ],
        [
          0.0,
          0.0,
          0.0,
          1.0
        ]
      ]
    },
    {
      "file_path": "/home/doan/VA_0223/xe_F1_khan_100-20250427T015707Z-001/xe_F1_khan_100/frame_0033.png",
      "sharpness": 117.62366536458333,
      "transform_matrix": [
        [
          -0.9361964650267791,
          0.30024138031911385,
          -0.18273284459937725,
          -0.8526351734253327
        ],
        [
          -0.3314572974763213,
          -0.5812143316088415,
          0.7431863566311706,
          3.20039583697711
        ],
        [
          0.11692834941246635,
          0.7563365747653016,
          0.6436479991862317,
          2.829428728207146
        ],
        [
          0.0,
          0.0,
          0.0,
          1.0
        ]
      ]
    },
    {
      "file_path": "/home/doan/VA_0223/xe_F1_khan_100-20250427T015707Z-001/xe_F1_khan_100/frame_0034.png",
      "sharpness": 93.79427300347223,
      "transform_matrix": [
        [
          -0.9106507055115021,
          0.34290378127399623,
          -0.23050442386066844,
          -1.074502141899023
        ],
        [
          -0.3959334584326091,
          -0.5647387535192334,
          0.7240903512460751,
          3.161569846796739
        ],
        [
          0.11811853841455226,
          0.7506578029394814,
          0.6500468243514098,
          2.795496275879347
        ],
        [
          0.0,
          0.0,
          0.0,
          1.0
        ]
      ]
    },
    {
      "file_path": "/home/doan/VA_0223/xe_F1_khan_100-20250427T015707Z-001/xe_F1_khan_100/frame_0035.png",
      "sharpness": 126.9888863804947,
      "transform_matrix": [
        [
          -0.8810372341270982,
          0.38367248287017813,
          -0.2767107118451464,
          -1.1726623021549196
        ],
        [
          -0.4581481199068524,
          -0.5464227239776598,
          0.7010866615099598,
          3.0569971365403896
        ],
        [
          0.11778663920846821,
          0.7444579455300766,
          0.6571975920844381,
          2.715475204049092
        ],
        [
          0.0,
          0.0,
          0.0,
          1.0
        ]
      ]
    },
    {
      "file_path": "/home/doan/VA_0223/xe_F1_khan_100-20250427T015707Z-001/xe_F1_khan_100/frame_0036.png",
      "sharpness": 139.64398111969618,
      "transform_matrix": [
        [
          -0.8481687640143334,
          0.42366656965656885,
          -0.3179880274252134,
          -1.2128386271169371
        ],
        [
          -0.5158491714823031,
          -0.5240816378785087,
          0.6776710626256179,
          2.8940171488967996
        ],
        [
          0.12045488821935524,
          0.7388132880840366,
          0.6630577239841106,
          2.6717350045035952
        ],
        [
          0.0,
          0.0,
          0.0,
          1.0
        ]
      ]
    },
    {
      "file_path": "/home/doan/VA_0223/xe_F1_khan_100-20250427T015707Z-001/xe_F1_khan_100/frame_0046.png",
      "sharpness": 120.2173025173611,
      "transform_matrix": [
        [
          -0.3286837012057894,
          0.6915465211589553,
          -0.643218807028023,
          -2.5672336764741592
        ],
        [
          -0.9411244565178711,
          -0.1828088823873545,
          0.28436889749893457,
          1.1408897321164133
        ],
        [
          0.07906821054787541,
          0.69881637192408,
          0.710917643958915,
          2.971416104589094
        ],
        [
          0.0,
          0.0,
          0.0,
          1.0
        ]
      ]
    },
    {
      "file_path": "/home/doan/VA_0223/xe_F1_khan_100-20250427T015707Z-001/xe_F1_khan_100/frame_0044.png",
      "sharpness": 128.87399305555556,
      "transform_matrix": [
        [
          -0.4456244859770034,
          0.6640027724736189,
          -0.6004324572547869,
          -2.3672768739415515
        ],
        [
          -0.8905886022411615,
          -0.2606826152180952,
          0.37268822852582767,
          1.4946686036758035
        ],
        [
          0.09094371379042619,
          0.7008173031132681,
          0.7075198574312406,
          3.0419966575280135
        ],
        [
          0.0,
          0.0,
          0.0,
          1.0
        ]
      ]
    },
    {
      "file_path": "/home/doan/VA_0223/xe_F1_khan_100-20250427T015707Z-001/xe_F1_khan_100/frame_0043.png",
      "sharpness": 102.35424045138889,
      "transform_matrix": [
        [
          -0.5044509890255398,
          0.6452450789903826,
          -0.5737490634326056,
          -2.218822774674105
        ],
        [
          -0.8580046123989276,
          -0.30015631280023597,
          0.4168144347174942,
          1.7267894673333632
        ],
        [
          0.09673305950110159,
          0.702541796618101,
          0.7050374027557963,
          2.99118568916839
        ],
        [
          0.0,
          0.0,
          0.0,
          1.0
        ]
      ]
    },
    {
      "file_path": "/home/doan/VA_0223/xe_F1_khan_100-20250427T015707Z-001/xe_F1_khan_100/frame_0045.png",
      "sharpness": 99.54654730902777,
      "transform_matrix": [
        [
          -0.3865483902211964,
          0.6794978379179537,
          -0.6235888311717676,
          -2.505518034146846
        ],
        [
          -0.9183383723200237,
          -0.22122309885729255,
          0.32819959545544575,
          1.3245819381065598
        ],
        [
          0.08505866187290702,
          0.6995305775097763,
          0.7095223712115786,
          3.04391646251036
        ],
        [
          0.0,
          0.0,
          0.0,
          1.0
        ]
      ]
    },
    {
      "file_path": "/home/doan/VA_0223/xe_F1_khan_100-20250427T015707Z-001/xe_F1_khan_100/frame_0037.png",
      "sharpness": 133.7323046875,
      "transform_matrix": [
        [
          -0.8117303847614445,
          0.4606476728767689,
          -0.359022985348012,
          -1.2446330973931998
        ],
        [
          -0.57133323399831,
          -0.4988246265974105,
          0.6517302568007102,
          2.739079431918396
        ],
        [
          0.12112851953251631,
          0.7341510154121209,
          0.6680944307548778,
          2.660008212569723
        ],
        [
          0.0,
          0.0,
          0.0,
          1.0
        ]
      ]
    },
    {
      "file_path": "/home/doan/VA_0223/xe_F1_khan_100-20250427T015707Z-001/xe_F1_khan_100/frame_0042.png",
      "sharpness": 92.63856553819444,
      "transform_matrix": [
        [
          -0.5626863931379471,
          0.6213216027444634,
          -0.5452921134771697,
          -2.049625346499727
        ],
        [
          -0.8203619595863605,
          -0.33835001235559364,
          0.4610049071356235,
          2.0117121583960307
        ],
        [
          0.10193271444216005,
          0.7067380951741584,
          0.7000935556313362,
          2.93455224128191
        ],
        [
          0.0,
          0.0,
          0.0,
          1.0
        ]
      ]
    },
    {
      "file_path": "/home/doan/VA_0223/xe_F1_khan_100-20250427T015707Z-001/xe_F1_khan_100/frame_0040.png",
      "sharpness": 98.28045138888889,
      "transform_matrix": [
        [
          -0.6757148856286842,
          0.5656014475821523,
          -0.47276251534225117,
          -1.6493267892319723
        ],
        [
          -0.7278535529459013,
          -0.41030510624877903,
          0.5494350964861447,
          2.3640113190652796
        ],
        [
          0.11678441183706054,
          0.7153633498740171,
          0.6889242911157714,
          2.853745096596951
        ],
        [
          0.0,
          0.0,
          0.0,
          1.0
        ]
      ]
    },
    {
      "file_path": "/home/doan/VA_0223/xe_F1_khan_100-20250427T015707Z-001/xe_F1_khan_100/frame_0039.png",
      "sharpness": 128.1256792534722,
      "transform_matrix": [
        [
          -0.7236477124267338,
          0.5332693658268562,
          -0.438129857291333,
          -1.4779469087415102
        ],
        [
          -0.6801309407077067,
          -0.4431253616230711,
          0.5840049806114732,
          2.4841510632157875
        ],
        [
          0.11728551420031935,
          0.720599540256996,
          0.6833596496872233,
          2.6901658759164886
        ],
        [
          0.0,
          0.0,
          0.0,
          1.0
        ]
      ]
    },
    {
      "file_path": "/home/doan/VA_0223/xe_F1_khan_100-20250427T015707Z-001/xe_F1_khan_100/frame_0038.png",
      "sharpness": 125.40162543402778,
      "transform_matrix": [
        [
          -0.7680618328702364,
          0.49665553534267376,
          -0.40424534651797456,
          -1.3301863453188225
        ],
        [
          -0.6298503859078503,
          -0.47191301558951126,
          0.6169170098882646,
          2.6155130012590186
        ],
        [
          0.1156266072947333,
          0.7284444968494046,
          0.6752770563078528,
          2.639793107539776
        ],
        [
          0.0,
          0.0,
          0.0,
          1.0
        ]
      ]
    },
    {
      "file_path": "/home/doan/VA_0223/xe_F1_khan_100-20250427T015707Z-001/xe_F1_khan_100/frame_0041.png",
      "sharpness": 116.49702690972222,
      "transform_matrix": [
        [
          -0.6233869811698111,
          0.5955656482180152,
          -0.5066460603326407,
          -1.8504038658901274
        ],
        [
          -0.7734885020707357,
          -0.3748414609171526,
          0.5110865057330252,
          2.220740203310707
        ],
        [
          0.11447361665936256,
          0.7104895762122724,
          0.6943344678633653,
          2.924310911468253
        ],
        [
          0.0,
          0.0,
          0.0,
          1.0
        ]
      ]
    },
    {
      "file_path": "/home/doan/VA_0223/xe_F1_khan_100-20250427T015707Z-001/xe_F1_khan_100/frame_0047.png",
      "sharpness": 118.21881076388888,
      "transform_matrix": [
        [
          -0.2693729163535651,
          0.7007852051848764,
          -0.6605591027373021,
          -2.5315983874288914
        ],
        [
          -0.9603532121543649,
          -0.14430995669954283,
          0.23852954597429293,
          0.9883925788260541
        ],
        [
          0.07183272130474139,
          0.6986234555671585,
          0.7118745167245626,
          2.8763193496002986
        ],
        [
          0.0,
          0.0,
          0.0,
          1.0
        ]
      ]
    },
    {
      "file_path": "/home/doan/VA_0223/xe_F1_khan_100-20250427T015707Z-001/xe_F1_khan_100/frame_0048.png",
      "sharpness": 129.9922439236111,
      "transform_matrix": [
        [
          -0.20872835442538107,
          0.7087738061957696,
          -0.6738487707116321,
          -2.476462417975635
        ],
        [
          -0.9758548259831761,
          -0.1056140033807127,
          0.19118849572026078,
          0.7976773750038703
        ],
        [
          0.06434153146446546,
          0.6974850349785294,
          0.7137049764365376,
          2.7985252103252805
        ],
        [
          0.0,
          0.0,
          0.0,
          1.0
        ]
      ]
    },
    {
      "file_path": "/home/doan/VA_0223/xe_F1_khan_100-20250427T015707Z-001/xe_F1_khan_100/frame_0049.png",
      "sharpness": 97.64790798611111,
      "transform_matrix": [
        [
          -0.14632005418736513,
          0.7135812649916866,
          -0.6851220475764973,
          -2.5244104041218294
        ],
        [
          -0.9876294913839634,
          -0.0659051178448138,
          0.1422831795787716,
          0.5704457643051661
        ],
        [
          0.05637756198724995,
          0.6974656219298323,
          0.7143971422191426,
          2.8551090896439577
        ],
        [
          0.0,
          0.0,
          0.0,
          1.0
        ]
      ]
    },
    {
      "file_path": "/home/doan/VA_0223/xe_F1_khan_100-20250427T015707Z-001/xe_F1_khan_100/frame_0051.png",
      "sharpness": 94.75360894097223,
      "transform_matrix": [
        [
          -0.014569554104283858,
          0.7175081802062473,
          -0.6963976877548227,
          -2.6315761734562475
        ],
        [
          -0.9990545289047725,
          0.018084863275784145,
          0.03953461768741116,
          0.1929767851285856
        ],
        [
          0.040960668560662286,
          0.6963152656216561,
          0.7165663085673076,
          2.9656085234633047
        ],
        [
          0.0,
          0.0,
          0.0,
          1.0
        ]
      ]
    },
    {
      "file_path": "/home/doan/VA_0223/xe_F1_khan_100-20250427T015707Z-001/xe_F1_khan_100/frame_0055.png",
      "sharpness": 67.63312934027778,
      "transform_matrix": [
        [
          0.2748906400192732,
          0.6861559688641662,
          -0.6735169801139503,
          -2.661297281497849
        ],
        [
          -0.9614564787051084,
          0.20057776847372774,
          -0.1880691318388155,
          -1.1807745917133274
        ],
        [
          0.006047775530115207,
          0.6992557080674967,
          0.7148460528160122,
          3.0339655944861708
        ],
        [
          0.0,
          0.0,
          0.0,
          1.0
        ]
      ]
    },
    {
      "file_path": "/home/doan/VA_0223/xe_F1_khan_100-20250427T015707Z-001/xe_F1_khan_100/frame_0057.png",
      "sharpness": 58.634053819444446,
      "transform_matrix": [
        [
          0.41061449116015597,
          0.650929988366335,
          -0.6385028504044679,
          -2.540766312233854
        ],
        [
          -0.9117924115850912,
          0.2888975447419116,
          -0.2918438055166983,
          -1.5435660742613704
        ],
        [
          -0.0055079791372086295,
          0.7020173494747274,
          0.7121385421972148,
          2.9549177640749043
        ],
        [
          0.0,
          0.0,
          0.0,
          1.0
        ]
      ]
    },
    {
      "file_path": "/home/doan/VA_0223/xe_F1_khan_100-20250427T015707Z-001/xe_F1_khan_100/frame_0050.png",
      "sharpness": 98.39983072916667,
      "transform_matrix": [
        [
          -0.0830525223683436,
          0.7160297014628184,
          -0.6931116398036189,
          -2.5951194494616443
        ],
        [
          -0.9952703654210759,
          -0.02442924129713736,
          0.09402186918356266,
          0.3666864501899911
        ],
        [
          0.05039025942786532,
          0.6976422284184328,
          0.7146720527365176,
          2.9332110421799538
        ],
        [
          0.0,
          0.0,
          0.0,
          1.0
        ]
      ]
    },
    {
      "file_path": "/home/doan/VA_0223/xe_F1_khan_100-20250427T015707Z-001/xe_F1_khan_100/frame_0054.png",
      "sharpness": 81.55612196180556,
      "transform_matrix": [
