{
  "frames": [
    {
      "file_path": "/home/doan/VA_0223/20250411_Final/Reconstruction_3D/data/processed_images/xe_F1_khan_70/frame_0000.png",
      "sharpness": 206.5707834201389,
      "transform_matrix": [
        [
          0.026893588568286317,
          -0.6573824882601829,
          0.7530770206970102,
          2.7533221679947184
        ],
        [
          0.999589125943406,
          0.025157328744568323,
          -0.013736378931744998,
          0.04125517244783373
        ],
        [
          -0.009915351217819486,
          0.753137021409997,
          0.6577889576992312,
          2.326519853315622
        ],
        [
          0.0,
          0.0,
          0.0,
          1.0
        ]
      ],
      "w": 1280.0,
      "h": 720.0,
      "fl_x": 1151.9996486623045,
      "fl_y": 1151.9996486623045,
      "k1": 0.01677526167670626,
      "k2": 0,
      "k3": 0,
      "k4": 0,
      "p1": 0,
      "p2": 0,
      "cx": 640.0,
      "cy": 360.0,
      "is_fisheye": false,
      "camera_angle_x": 1.0141972677305595,
      "camera_angle_y": 0.6057699104044472,
      "fovx": 58.10922303466066,
      "fovy": 34.70805922219284
    },
    {
      "file_path": "/home/doan/VA_0223/20250411_Final/Reconstruction_3D/data/processed_images/xe_F1_khan_70/frame_0001.png",
      "sharpness": 173.1437521701389,
      "transform_matrix": [
        [
          0.001973950969418367,
          -0.6563406368037338,
          0.754462107780606,
          2.75065737951347
        ],
        [
          0.9999617437731247,
          0.007724649235568715,
          0.004103752480362072,
          0.064059858230118
        ],
        [
          -0.00852141466037876,
          0.7544251443008548,
          0.6563307757662717,
          2.317658953417531
        ],
        [
          0.0,
          0.0,
          0.0,
          1.0
        ]
      ],
      "w": 1280.0,
      "h": 720.0,
      "fl_x": 1150.1455444571156,
      "fl_y": 1150.1455444571156,
      "k1": 0.012468009504863506,
      "k2": 0,
      "k3": 0,
      "k4": 0,
      "p1": 0,
      "p2": 0,
      "cx": 640.0,
      "cy": 360.0,
      "is_fisheye": false,
      "camera_angle_x": 1.0155654781556418,
      "camera_angle_y": 0.6066876781611374,
      "fovx": 58.187615717503675,
      "fovy": 34.76064344122438
    },
    {
      "file_path": "/home/doan/VA_0223/20250411_Final/Reconstruction_3D/data/processed_images/xe_F1_khan_70/frame_0002.png",
      "sharpness": 164.27485460069445,
      "transform_matrix": [
        [
          -0.03627846077357529,
          -0.6511633016904042,
          0.758070067932158,
          2.8058038590354224
        ],
        [
          0.9993195599337125,
          -0.018586554755052335,
          0.03185839161429749,
          0.14834733936452604
        ],
        [
          -0.006655104644324534,
          0.758710020095372,
          0.651394515687835,
          2.359791250157676
        ],
        [
          0.0,
          0.0,
          0.0,
          1.0
        ]
      ],
      "w": 1280.0,
      "h": 720.0,
      "fl_x": 1155.550476781272,
      "fl_y": 1155.550476781272,
      "k1": 0.016197352485886232,
      "k2": 0,
      "k3": 0,
      "k4": 0,
      "p1": 0,
      "p2": 0,
      "cx": 640.0,
      "cy": 360.0,
      "is_fisheye": false,
      "camera_angle_x": 1.0115863568010204,
      "camera_angle_y": 0.6040197690139352,
      "fovx": 57.95962885771349,
      "fovy": 34.60778350696535
    },
    {
      "file_path": "/home/doan/VA_0223/20250411_Final/Reconstruction_3D/data/processed_images/xe_F1_khan_70/frame_0004.png",
      "sharpness": 129.2414453125,
      "transform_matrix": [
        [
          -0.16764769760308085,
          -0.6281143361029846,
          0.7598464518239247,
          2.883792546533378
        ],
        [
          0.9858103022956037,
          -0.10016203690362138,
          0.134705657829169,
          0.6359254040027568
        ],
        [
          -0.008502786488010613,
          0.7716475537599536,
          0.6359935184240126,
          2.404599694658995
        ],
        [
          0.0,
          0.0,
          0.0,
          1.0
        ]
      ],
      "w": 1280.0,
      "h": 720.0,
      "fl_x": 1152.7512165508451,
      "fl_y": 1152.7512165508451,
      "k1": 0.026024726304229164,
      "k2": 0,
      "k3": 0,
      "k4": 0,
      "p1": 0,
      "p2": 0,
      "cx": 640.0,
      "cy": 360.0,
      "is_fisheye": false,
      "camera_angle_x": 1.0136436166958567,
      "camera_angle_y": 0.6053986560248276,
      "fovx": 58.077501167049135,
      "fovy": 34.686787913114884
    },
    {
      "file_path": "/home/doan/VA_0223/20250411_Final/Reconstruction_3D/data/processed_images/xe_F1_khan_70/frame_0003.png",
      "sharpness": 133.43725694444444,
      "transform_matrix": [
        [
          -0.09269956103210249,
          -0.6415707215789488,
          0.7614419220638156,
          2.8251620660871657
        ],
        [
          0.9956756941916288,
          -0.05507635844881856,
          0.07480980374293335,
          0.32221302575048677
        ],
        [
          -0.006058331530989221,
          0.7650840503053654,
          0.6439019278325961,
          2.373229867166315
        ],
        [
          0.0,
          0.0,
          0.0,
          1.0
        ]
      ],
      "w": 1280.0,
      "h": 720.0,
      "fl_x": 1153.3201036615928,
      "fl_y": 1153.3201036615928,
      "k1": 0.019798691730221554,
      "k2": 0,
      "k3": 0,
      "k4": 0,
      "p1": 0,
      "p2": 0,
      "cx": 640.0,
      "cy": 360.0,
      "is_fisheye": false,
      "camera_angle_x": 1.013224906330938,
      "camera_angle_y": 0.60511793420952,
      "fovx": 58.053510830300915,
      "fovy": 34.670703737880515
    },
    {
      "file_path": "/home/doan/VA_0223/20250411_Final/Reconstruction_3D/data/processed_images/xe_F1_khan_70/frame_0006.png",
      "sharpness": 113.68240668402778,
      "transform_matrix": [
        [
          -0.3366164342401966,
          -0.5800824051221382,
          0.7417504833474975,
          2.7541268951284006
        ],
        [
          0.9416301108263119,
          -0.21129779541769841,
          0.2620800946979168,
          1.1913100653856885
        ],
        [
          0.004702190214333079,
          0.7866750568025201,
          0.6173493698798728,
          2.3521517464471744
        ],
        [
          0.0,
          0.0,
          0.0,
          1.0
        ]
      ],
      "w": 1280.0,
      "h": 720.0,
      "fl_x": 1160.6800171523066,
      "fl_y": 1160.6800171523066,
      "k1": 0.014031966624032853,
      "k2": 0,
      "k3": 0,
      "k4": 0,
      "p1": 0,
      "p2": 0,
      "cx": 640.0,
      "cy": 360.0,
      "is_fisheye": false,
      "camera_angle_x": 1.0078362353279138,
      "camera_angle_y": 0.6015087505272088,
      "fovx": 57.744762724643095,
      "fovy": 34.46391274539659
    },
    {
      "file_path": "/home/doan/VA_0223/20250411_Final/Reconstruction_3D/data/processed_images/xe_F1_khan_70/frame_0010.png",
      "sharpness": 132.38952039930555,
      "transform_matrix": [
        [
          -0.7017675028384381,
          -0.3972868433026295,
          0.5913421481491486,
          2.350301214287249
        ],
        [
          0.7106881674968848,
          -0.4480201717135186,
          0.542402299329317,
          2.225870583234578
        ],
        [
          0.04944391345459032,
          0.8009001747659517,
          0.596753055762012,
          2.448971322371882
        ],
        [
          0.0,
          0.0,
          0.0,
          1.0
        ]
      ],
      "w": 1280.0,
      "h": 720.0,
      "fl_x": 1141.6390717562674,
      "fl_y": 1141.6390717562674,
      "k1": 0.05815464715706512,
      "k2": 0,
      "k3": 0,
      "k4": 0,
      "p1": 0,
      "p2": 0,
      "cx": 640.0,
      "cy": 360.0,
      "is_fisheye": false,
      "camera_angle_x": 1.0218861131698063,
      "camera_angle_y": 0.6109330921635882,
      "fovx": 58.54976142765791,
      "fovy": 35.00388774585055
    },
    {
      "file_path": "/home/doan/VA_0223/20250411_Final/Reconstruction_3D/data/processed_images/xe_F1_khan_70/frame_0011.png",
      "sharpness": 109.62595811452853,
      "transform_matrix": [
        [
          -0.7793200134546204,
          -0.33466463602870117,
          0.5297734403497238,
          2.0894545129793327
        ],
        [
          0.6238106082247364,
          -0.49439851902144866,
          0.6053349729329238,
          2.5735139423651723
        ],
        [
          0.059334995933760584,
          0.8022279512965109,
          0.5940620106481138,
          2.433657062841346
        ],
        [
          0.0,
          0.0,
          0.0,
          1.0
        ]
      ],
      "w": 1280.0,
      "h": 720.0,
      "fl_x": 1158.6681870530047,
      "fl_y": 1158.6681870530047,
      "k1": 0.039561184049151904,
      "k2": 0,
      "k3": 0,
      "k4": 0,
      "p1": 0,
      "p2": 0,
      "cx": 640.0,
      "cy": 360.0,
      "is_fisheye": false,
      "camera_angle_x": 1.0093040185778188,
      "camera_angle_y": 0.6024911673069486,
      "fovx": 57.82886051010265,
      "fovy": 34.52020108059852
    },
    {
      "file_path": "/home/doan/VA_0223/20250411_Final/Reconstruction_3D/data/processed_images/xe_F1_khan_70/frame_0008.png",
      "sharpness": 137.97185546875,
      "transform_matrix": [
        [
          -0.5275804161726714,
          -0.5049897406669298,
          0.683113655529834,
          2.544475202730688
        ],
        [
          0.8492792507347604,
          -0.3320787112884251,
          0.41042476019417257,
          1.7702052750935942
        ],
        [
          0.019587209178130414,
          0.7966863193258708,
          0.6040755332859828,
          2.374552286277779
        ],
        [
          0.0,
          0.0,
          0.0,
          1.0
        ]
      ],
      "w": 1280.0,
      "h": 720.0,
      "fl_x": 1146.3505624941342,
      "fl_y": 1146.3505624941342,
      "k1": 0.0365016517217416,
      "k2": 0,
      "k3": 0,
      "k4": 0,
      "p1": 0,
      "p2": 0,
      "cx": 640.0,
      "cy": 360.0,
      "is_fisheye": false,
      "camera_angle_x": 1.0183764601974554,
      "camera_angle_y": 0.6085745939994848,
      "fovx": 58.348673124786664,
      "fovy": 34.868755755058075
    },
    {
      "file_path": "/home/doan/VA_0223/20250411_Final/Reconstruction_3D/data/processed_images/xe_F1_khan_70/frame_0005.png",
      "sharpness": 114.94754991319445,
      "transform_matrix": [
        [
          -0.24961746386446254,
          -0.6076546307010108,
          0.7539542238097793,
          2.8740088204055287
        ],
        [
          0.9683337324394586,
          -0.15296172829048935,
          0.1973131832855433,
          0.9277973238138908
        ],
        [
          -0.004572128395959352,
          0.77933212402898,
          0.6265943952650274,
          2.4068036992667983
        ],
        [
          0.0,
          0.0,
          0.0,
          1.0
        ]
      ],
      "w": 1280.0,
      "h": 720.0,
      "fl_x": 1152.0697069652078,
      "fl_y": 1152.0697069652078,
      "k1": 0.030092564729339653,
      "k2": 0,
      "k3": 0,
      "k4": 0,
      "p1": 0,
      "p2": 0,
      "cx": 640.0,
      "cy": 360.0,
      "is_fisheye": false,
      "camera_angle_x": 1.0141456351539233,
      "camera_angle_y": 0.6057352848308349,
      "fovx": 58.10626470593402,
      "fovy": 34.70607532296164
    },
    {
      "file_path": "/home/doan/VA_0223/20250411_Final/Reconstruction_3D/data/processed_images/xe_F1_khan_70/frame_0009.png",
      "sharpness": 143.39898871527777,
      "transform_matrix": [
        [
          -0.6150449284985059,
          -0.45563255446407186,
          0.6435205601376907,
          2.4808549269012916
        ],
        [
          0.7876525114046835,
          -0.39267933606845584,
          0.4747699024819839,
          2.0278441974253063
        ],
        [
          0.036376602850744635,
          0.7988754060582752,
          0.6003955599764217,
          2.4263386628560175
        ],
        [
          0.0,
          0.0,
          0.0,
          1.0
        ]
      ],
      "w": 1280.0,
      "h": 720.0,
      "fl_x": 1154.8807443611834,
      "fl_y": 1154.8807443611834,
      "k1": 0.03675941677987774,
      "k2": 0,
      "k3": 0,
      "k4": 0,
      "p1": 0,
      "p2": 0,
      "cx": 640.0,
      "cy": 360.0,
      "is_fisheye": false,
      "camera_angle_x": 1.0120778688578105,
      "camera_angle_y": 0.6043491179414685,
      "fovx": 57.987790424147356,
      "fovy": 34.62665381050016
    },
    {
      "file_path": "/home/doan/VA_0223/20250411_Final/Reconstruction_3D/data/processed_images/xe_F1_khan_70/frame_0007.png",
      "sharpness": 113.61946831597223,
      "transform_matrix": [
        [
          -0.4346773202152136,
          -0.5462046402254349,
          0.716041980868328,
          2.594712036634507
        ],
        [
          0.9005405100508196,
          -0.27163281854444926,
          0.33947371274817306,
          1.4069703268569762
        ],
        [
          0.009078384321806052,
          0.7923863344098484,
          0.6099520309481442,
          2.2946883144527424
        ],
        [
          0.0,
          0.0,
          0.0,
          1.0
        ]
      ],
      "w": 1280.0,
      "h": 720.0,
      "fl_x": 1148.9329144428482,
      "fl_y": 1148.9329144428482,
      "k1": 0.026527402287848317,
      "k2": 0,
      "k3": 0,
      "k4": 0,
      "p1": 0,
      "p2": 0,
      "cx": 640.0,
      "cy": 360.0,
      "is_fisheye": false,
      "camera_angle_x": 1.0164621450433642,
      "camera_angle_y": 0.6072893800717338,
      "fovx": 58.238990945799294,
      "fovy": 34.79511842122651
    },
    {
      "file_path": "/home/doan/VA_0223/20250411_Final/Reconstruction_3D/data/processed_images/xe_F1_khan_70/frame_0012.png",
      "sharpness": 98.52343098958333,
      "transform_matrix": [
        [
          -0.8383623221122853,
          -0.2704038391196266,
          0.47331847706483915,
          1.7191296338410764
        ],
        [
          0.5399603539657113,
          -0.53104696614563,
          0.6530175617031803,
          2.7732690505378286
        ],
        [
          0.07477588556887498,
          0.8030385318240226,
          0.5912171203732555,
          2.499985777703408
        ],
        [
          0.0,
          0.0,
          0.0,
          1.0
        ]
      ],
      "w": 1280.0,
      "h": 720.0,
      "fl_x": 1120.8804168385332,
      "fl_y": 1120.8804168385332,
      "k1": 0.0692629856584158,
      "k2": 0,
      "k3": 0,
      "k4": 0,
      "p1": 0,
      "p2": 0,
      "cx": 640.0,
      "cy": 360.0,
      "is_fisheye": false,
      "camera_angle_x": 1.0376153858859325,
      "camera_angle_y": 0.6215388669946228,
      "fovx": 59.45098236910222,
      "fovy": 35.611553882134906
    },
    {
      "file_path": "/home/doan/VA_0223/20250411_Final/Reconstruction_3D/data/processed_images/xe_F1_khan_70/frame_0014.png",
      "sharpness": 136.32223307291667,
      "transform_matrix": [
        [
          -0.9216770936130075,
          -0.14865516039075008,
          0.35834756658500505,
          1.244196421079272
        ],
        [
          0.3755343548323844,
          -0.5737313459107239,
          0.7278779369235717,
          3.267330894566496
        ],
        [
          0.09739242022238585,
          0.8054402436320044,
          0.5846201591635202,
          2.535273580439018
        ],
        [
          0.0,
          0.0,
          0.0,
          1.0
        ]
      ],
      "w": 1280.0,
      "h": 720.0,
      "fl_x": 1136.7045706686722,
      "fl_y": 1136.7045706686722,
      "k1": 0.04826701489432368,
      "k2": 0,
      "k3": 0,
      "k4": 0,
      "p1": 0,
      "p2": 0,
      "cx": 640.0,
      "cy": 360.0,
      "is_fisheye": false,
      "camera_angle_x": 1.025585598142165,
      "camera_angle_y": 0.6134222837420519,
      "fovx": 58.761726302946144,
      "fovy": 35.14650791769603
    },
    {
      "file_path": "/home/doan/VA_0223/20250411_Final/Reconstruction_3D/data/processed_images/xe_F1_khan_70/frame_0013.png",
      "sharpness": 121.87094618055555,
      "transform_matrix": [
        [
          -0.8857771179478166,
          -0.20727432548088237,
          0.4152544417530293,
          1.42179902403457
        ],
        [
          0.4558834712936786,
          -0.5563036677066445,
          0.6947636215990167,
          3.0847482761587353
        ],
        [
          0.0870009079430942,
          0.8047133547714542,
          0.587253998495272,
          2.567704377715201
        ],
        [
          0.0,
          0.0,
          0.0,
          1.0
        ]
      ],
      "w": 1280.0,
      "h": 720.0,
      "fl_x": 1131.0492101324883,
      "fl_y": 1131.0492101324883,
      "k1": 0.06290627389139675,
      "k2": 0,
      "k3": 0,
      "k4": 0,
      "p1": 0,
      "p2": 0,
      "cx": 640.0,
      "cy": 360.0,
      "is_fisheye": false,
      "camera_angle_x": 1.029855629218235,
      "camera_angle_y": 0.6162993744810524,
      "fovx": 59.00638106199465,
      "fovy": 35.31135307431693
    },
    {
      "file_path": "/home/doan/VA_0223/20250411_Final/Reconstruction_3D/data/processed_images/xe_F1_khan_70/frame_0016.png",
      "sharpness": 90.3644140625,
      "transform_matrix": [
        [
          -0.9671944367074231,
          -0.04966196844743952,
          0.2491357272075828,
          0.8631123441518128
        ],
        [
          0.2291926277139866,
          -0.5935801301058736,
          0.771448876170724,
          3.298839554936916
        ],
        [
          0.10957034762269527,
          0.803241133212659,
          0.585489556624387,
          2.4495482343507797
        ],
        [
          0.0,
          0.0,
          0.0,
          1.0
        ]
      ],
      "w": 1280.0,
      "h": 720.0,
      "fl_x": 1135.6956875689414,
      "fl_y": 1135.6956875689414,
      "k1": 0.06456674240709515,
      "k2": 0,
      "k3": 0,
      "k4": 0,
      "p1": 0,
      "p2": 0,
      "cx": 640.0,
      "cy": 360.0,
      "is_fisheye": false,
      "camera_angle_x": 1.0263449818367891,
      "camera_angle_y": 0.6139336318614909,
      "fovx": 58.80523578367915,
      "fovy": 35.175806006801835
    },
    {
      "file_path": "/home/doan/VA_0223/20250411_Final/Reconstruction_3D/data/processed_images/xe_F1_khan_70/frame_0018.png",
      "sharpness": 91.58382161458333,
      "transform_matrix": [
        [
          -0.98954824817623,
          0.03777243404252472,
          0.13916719382444862,
          0.38123487049551813
        ],
        [
          0.08777090486842376,
          -0.607955471334202,
          0.789104817583448,
          3.3043568540699333
        ],
        [
          0.11441386659061013,
          0.7930721203970963,
          0.598285950912919,
          2.5610214429014295
        ],
        [
          0.0,
          0.0,
          0.0,
          1.0
        ]
      ],
      "w": 1280.0,
      "h": 720.0,
      "fl_x": 1132.9184119699262,
      "fl_y": 1132.9184119699262,
      "k1": 0.07528339187977771,
      "k2": 0,
      "k3": 0,
      "k4": 0,
      "p1": 0,
      "p2": 0,
      "cx": 640.0,
      "cy": 360.0,
      "is_fisheye": false,
      "camera_angle_x": 1.0284407285149249,
      "camera_angle_y": 0.6153455558266818,
      "fovx": 58.925313223264894,
      "fovy": 35.25670329100065
    },
    {
      "file_path": "/home/doan/VA_0223/20250411_Final/Reconstruction_3D/data/processed_images/xe_F1_khan_70/frame_0017.png",
      "sharpness": 114.3404275173611,
      "transform_matrix": [
        [
          -0.9812577140252341,
          -0.006151417581111896,
          0.19260181413171945,
          0.6341724517469685
        ],
        [
          0.15726183192879942,
          -0.6031843602379569,
          0.7819445912484757,
          3.3091209666700596
        ],
        [
          0.11136433433164987,
          0.7975780762260396,
          0.5928466896606357,
          2.477347557654515
        ],
        [
          0.0,
          0.0,
          0.0,
          1.0
        ]
      ],
      "w": 1280.0,
      "h": 720.0,
      "fl_x": 1135.1450636552631,
      "fl_y": 1135.1450636552631,
      "k1": 0.05655850061494031,
      "k2": 0,
      "k3": 0,
      "k4": 0,
      "p1": 0,
      "p2": 0,
      "cx": 640.0,
      "cy": 360.0,
      "is_fisheye": false,
      "camera_angle_x": 1.0267598671471867,
      "camera_angle_y": 0.6142130616503966,
      "fovx": 58.829006960946906,
      "fovy": 35.19181615437636
    },
    {
      "file_path": "/home/doan/VA_0223/20250411_Final/Reconstruction_3D/data/processed_images/xe_F1_khan_70/frame_0015.png",
      "sharpness": 136.46832899305556,
      "transform_matrix": [
        [
          -0.9475985020861274,
          -0.09622060680248279,
          0.3046287474119994,
          1.0957299073115225
        ],
        [
          0.3012324839773088,
          -0.5866464594719277,
          0.7517346088786475,
          3.249141264302679
        ],
        [
          0.10637701590188717,
          0.8041066636135203,
          0.584890078646645,
          2.4880538447580496
        ],
        [
          0.0,
          0.0,
          0.0,
          1.0
        ]
      ],
      "w": 1280.0,
      "h": 720.0,
      "fl_x": 1122.3357305647853,
      "fl_y": 1122.3357305647853,
      "k1": 0.05709281977726284,
      "k2": 0,
      "k3": 0,
      "k4": 0,
      "p1": 0,
      "p2": 0,
      "cx": 640.0,
      "cy": 360.0,
      "is_fisheye": false,
      "camera_angle_x": 1.036498333385561,
      "camera_angle_y": 0.6207837338829767,
      "fovx": 59.3869799753364,
      "fovy": 35.568287941867005
    },
    {
      "file_path": "/home/doan/VA_0223/20250411_Final/Reconstruction_3D/data/processed_images/xe_F1_khan_70/frame_0021.png",
      "sharpness": 151.93167100694444,
      "transform_matrix": [
        [
          -0.9784080525347496,
          0.19860930441073227,
          -0.05720163472977255,
          -0.2587509775469028
        ],
        [
          -0.167975895537781,
          -0.6028609384350754,
          0.7799633244117841,
          3.258684054032959
        ],
        [
          0.12042334213409539,
          0.7727308931062215,
          0.6232055724940623,
          2.6409098105674254
        ],
        [
          0.0,
          0.0,
          0.0,
          1.0
        ]
      ],
      "w": 1280.0,
      "h": 720.0,
      "fl_x": 1129.3219079974135,
      "fl_y": 1129.3219079974135,
      "k1": 0.0812996435034487,
      "k2": 0,
      "k3": 0,
      "k4": 0,
      "p1": 0,
      "p2": 0,
      "cx": 640.0,
      "cy": 360.0,
      "is_fisheye": false,
      "camera_angle_x": 1.0311662712066598,
      "camera_angle_y": 0.6171833328069174,
      "fovx": 59.08147531638404,
      "fovy": 35.36200015565445
    },
    {
      "file_path": "/home/doan/VA_0223/20250411_Final/Reconstruction_3D/data/processed_images/xe_F1_khan_70/frame_0019.png",
      "sharpness": 151.04465060763889,
      "transform_matrix": [
        [
          -0.9927849264009565,
          0.08642691491487291,
          0.08311725674286359,
          0.16077645275110047
        ],
        [
          0.013022401722201529,
          -0.6113583315654577,
          0.7912467424760157,
          3.2915584253381214
        ],
        [
          0.1191994422952597,
          0.786620225301401,
          0.6058218502021925,
          2.5716770869113663
        ],
        [
          0.0,
          0.0,
          0.0,
          1.0
        ]
      ],
      "w": 1280.0,
      "h": 720.0,
      "fl_x": 1135.974079032114,
      "fl_y": 1135.974079032114,
      "k1": 0.08439487396461413,
      "k2": 0,
      "k3": 0,
      "k4": 0,
      "p1": 0,
      "p2": 0,
      "cx": 640.0,
      "cy": 360.0,
      "is_fisheye": false,
      "camera_angle_x": 1.0261353350180873,
      "camera_angle_y": 0.6137924478735598,
      "fovx": 58.79322390577919,
      "fovy": 35.167716760158555
    },
    {
      "file_path": "/home/doan/VA_0223/20250411_Final/Reconstruction_3D/data/processed_images/xe_F1_khan_70/frame_0020.png",
      "sharpness": 143.05050998263889,
      "transform_matrix": [
        [
          -0.9900572029669428,
          0.1399912120599772,
          0.01375483472698515,
          -0.0014099136260554833
        ],
        [
          -0.07522116410792068,
          -0.6095269355600674,
          0.7891886284640846,
          3.2819311487234812
        ],
        [
          0.11886341490291275,
          0.7803072314301941,
          0.6139968348896431,
          2.6410071296779893
        ],
        [
          0.0,
          0.0,
          0.0,
          1.0
        ]
      ],
      "w": 1280.0,
      "h": 720.0,
      "fl_x": 1129.2894897916997,
      "fl_y": 1129.2894897916997,
      "k1": 0.07935393718214967,
      "k2": 0,
      "k3": 0,
      "k4": 0,
      "p1": 0,
      "p2": 0,
      "cx": 640.0,
      "cy": 360.0,
      "is_fisheye": false,
      "camera_angle_x": 1.0311908985026226,
      "camera_angle_y": 0.6171999465068864,
      "fovx": 59.082886356503515,
      "fovy": 35.36295205054477
    },
    {
      "file_path": "/home/doan/VA_0223/20250411_Final/Reconstruction_3D/data/processed_images/xe_F1_khan_70/frame_0022.png",
      "sharpness": 121.78007378472222,
      "transform_matrix": [
        [
          -0.9572975133751765,
          0.26051576885967564,
          -0.12535152627818558,
          -0.5863452879305547
        ],
        [
          -0.2603753685810144,
          -0.5884769567199375,
          0.7654407480961296,
          3.2039686315906386
        ],
        [
          0.12564290030240252,
          0.765392974645335,
          0.6311794166845921,
          2.721855105432452
        ],
        [
          0.0,
          0.0,
          0.0,
          1.0
        ]
      ],
      "w": 1280.0,
      "h": 720.0,
      "fl_x": 1131.0372023789,
      "fl_y": 1131.0372023789,
      "k1": 0.08021041756906687,
      "k2": 0,
      "k3": 0,
      "k4": 0,
      "p1": 0,
      "p2": 0,
      "cx": 640.0,
      "cy": 360.0,
      "is_fisheye": false,
      "camera_angle_x": 1.0298647299939718,
      "camera_angle_y": 0.6163055110669091,
      "fovx": 59.00690249803467,
      "fovy": 35.31170467478714
    },
    {
      "file_path": "/home/doan/VA_0223/20250411_Final/Reconstruction_3D/data/processed_images/xe_F1_khan_70/frame_0023.png",
      "sharpness": 106.91240668402777,
      "transform_matrix": [
        [
          -0.9257126538703515,
          0.3199815232664729,
          -0.20166285555722188,
          -0.9717216253351219
        ],
        [
          -0.35763891777246815,
          -0.567011349931472,
          0.7420192272060397,
          3.1727856151322817
        ],
        [
          0.1230873146538639,
          0.7590190734561212,
          0.6393274272078809,
          2.8233305763650045
        ],
        [
          0.0,
          0.0,
          0.0,
          1.0
        ]
      ],
      "w": 1280.0,
      "h": 720.0,
      "fl_x": 1138.5017040767475,
      "fl_y": 1138.5017040767475,
      "k1": 0.04867405713138828,
      "k2": 0,
      "k3": 0,
      "k4": 0,
      "p1": 0,
      "p2": 0,
      "cx": 640.0,
      "cy": 360.0,
      "is_fisheye": false,
      "camera_angle_x": 1.0242354330404615,
      "camera_angle_y": 0.6125134549655293,
      "fovx": 58.68436754097268,
      "fovy": 35.09443586450125
    },
    {
      "file_path": "/home/doan/VA_0223/20250411_Final/Reconstruction_3D/data/processed_images/xe_F1_khan_70/frame_0024.png",
      "sharpness": 96.85414713541667,
      "transform_matrix": [
        [
          -0.8851845904743746,
          0.37913973466403245,
          -0.2696317905305602,
          -1.2757035200282396
        ],
        [
          -0.44831914296061287,
          -0.5402501938395218,
          0.7121373983378781,
          3.1321484246863034
        ],
        [
          0.12433095715072497,
          0.7512541445547972,
          0.6481967474944319,
          2.7980945893053537
        ],
        [
          0.0,
          0.0,
          0.0,
          1.0
        ]
      ],
      "w": 1280.0,
      "h": 720.0,
      "fl_x": 1156.510023827098,
      "fl_y": 1156.510023827098,
      "k1": 0.03546862838584963,
      "k2": 0,
      "k3": 0,
      "k4": 0,
      "p1": 0,
      "p2": 0,
      "cx": 640.0,
      "cy": 360.0,
      "is_fisheye": false,
      "camera_angle_x": 1.010882911124198,
      "camera_angle_y": 0.6035485062788982,
      "fovx": 57.91932438931484,
      "fovy": 34.58078214120594
    },
    {
      "file_path": "/home/doan/VA_0223/20250411_Final/Reconstruction_3D/data/processed_images/xe_F1_khan_70/frame_0025.png",
      "sharpness": 137.46629221103686,
      "transform_matrix": [
        [
          -0.837440834557518,
          0.4346190855281795,
          -0.3313594712534572,
          -1.3645021494469824
        ],
        [
          -0.5318858220692197,
          -0.5087192982880547,
          0.6769801679747199,
          2.928997657956206
        ],
        [
          0.1256595438287267,
          0.7431762416157056,
          0.6571900433069924,
          2.7048372676605568
        ],
        [
          0.0,
          0.0,
          0.0,
          1.0
        ]
      ],
      "w": 1280.0,
      "h": 720.0,
      "fl_x": 1154.8344547211304,
      "fl_y": 1154.8344547211304,
      "k1": 0.027166884916788786,
      "k2": 0,
      "k3": 0,
      "k4": 0,
      "p1": 0,
      "p2": 0,
      "cx": 640.0,
      "cy": 360.0,
      "is_fisheye": false,
      "camera_angle_x": 1.012111856623929,
      "camera_angle_y": 0.6043718942896138,
      "fovx": 57.98973777970103,
      "fovy": 34.62795879912161
    },
    {
      "file_path": "/home/doan/VA_0223/20250411_Final/Reconstruction_3D/data/processed_images/xe_F1_khan_70/frame_0026.png",
      "sharpness": 112.31464192708333,
      "transform_matrix": [
        [
          -0.7818352488251391,
          0.4868137094926324,
          -0.3895459613751246,
          -1.3848882284636173
        ],
        [
          -0.6106864601033577,
          -0.47197801379744103,
          0.6358449511777796,
          2.664392558289633
        ],
        [
          0.12568091021237074,
          0.7350164398180223,
          0.6662995888371577,
          2.653919432710603
        ],
        [
          0.0,
          0.0,
          0.0,
          1.0
        ]
      ],
      "w": 1280.0,
      "h": 720.0,
      "fl_x": 1139.35104454163,
      "fl_y": 1139.35104454163,
      "k1": 0.03897459354245916,
      "k2": 0,
      "k3": 0,
      "k4": 0,
      "p1": 0,
      "p2": 0,
      "cx": 640.0,
      "cy": 360.0,
      "is_fisheye": false,
      "camera_angle_x": 1.0235984599746866,
      "camera_angle_y": 0.6120848418278478,
      "fovx": 58.647871672640264,
      "fovy": 35.06987814066824
    },
    {
      "file_path": "/home/doan/VA_0223/20250411_Final/Reconstruction_3D/data/processed_images/xe_F1_khan_70/frame_0033.png",
      "sharpness": 127.1162282986111,
      "transform_matrix": [
        [
          -0.2234422973953809,
          0.7050998089174058,
          -0.67298424890812,
          -2.5509263744752535
        ],
        [
          -0.9715329831996199,
          -0.10534478436269612,
          0.21219363553802525,
          0.8447233786480962
        ],
        [
          0.07872231129063435,
          0.7012394284053562,
          0.7085662014476316,
          2.8315133901251635
        ],
        [
          0.0,
          0.0,
          0.0,
          1.0
        ]
      ],
      "w": 1280.0,
      "h": 720.0,
      "fl_x": 1126.6326972762479,
      "fl_y": 1126.6326972762479,
      "k1": 0.059295022385655885,
      "k2": 0,
      "k3": 0,
      "k4": 0,
      "p1": 0,
      "p2": 0,
      "cx": 640.0,
      "cy": 360.0,
      "is_fisheye": false,
      "camera_angle_x": 1.0332128406245673,
      "camera_angle_y": 0.6185644503005753,
      "fovx": 59.198735106510675,
      "fovy": 35.44113235905273
    },
    {
      "file_path": "/home/doan/VA_0223/20250411_Final/Reconstruction_3D/data/processed_images/xe_F1_khan_70/frame_0030.png",
      "sharpness": 129.79907986111112,
      "transform_matrix": [
        [
          -0.47786010804738405,
          0.6530807546266824,
          -0.587482123261891,
          -2.2685898925535297
        ],
        [
          -0.872343143347993,
          -0.2741731599435472,
          0.4047795926431232,
          1.6542228657946192
        ],
        [
          0.10328193167579477,
          0.7059140219428509,
          0.7007269341854362,
          2.94759880922276
        ],
        [
          0.0,
          0.0,
          0.0,
          1.0
        ]
      ],
      "w": 1280.0,
      "h": 720.0,
      "fl_x": 1123.860954778471,
      "fl_y": 1123.860954778471,
      "k1": 0.0731225391550681,
      "k2": 0,
      "k3": 0,
      "k4": 0,
      "p1": 0,
      "p2": 0,
      "cx": 640.0,
      "cy": 360.0,
      "is_fisheye": false,
      "camera_angle_x": 1.0353299635464939,
      "camera_angle_y": 0.619994228922383,
      "fovx": 59.32003731464747,
      "fovy": 35.52305263972034
    },
    {
      "file_path": "/home/doan/VA_0223/20250411_Final/Reconstruction_3D/data/processed_images/xe_F1_khan_70/frame_0031.png",
      "sharpness": 122.20824869791667,
      "transform_matrix": [
        [
          -0.39148557731802786,
          0.6776098858206071,
          -0.6225623546836647,
          -2.4687778681108594
        ],
        [
          -0.9152839398232372,
          -0.2170191300783657,
          0.3393493873306729,
          1.322239238073428
        ],
        [
          0.09483855896944232,
          0.7026717155921638,
          0.7051653053848443,
          3.0316766555453514
        ],
        [
          0.0,
          0.0,
          0.0,
          1.0
        ]
      ],
      "w": 1280.0,
      "h": 720.0,
      "fl_x": 1130.216105165759,
      "fl_y": 1130.216105165759,
      "k1": 0.07523539792984313,
      "k2": 0,
      "k3": 0,
      "k4": 0,
      "p1": 0,
      "p2": 0,
      "cx": 640.0,
      "cy": 360.0,
      "is_fisheye": false,
      "camera_angle_x": 1.0304873937470247,
      "camera_angle_y": 0.6167254152308775,
      "fovx": 59.04257850314037,
      "fovy": 35.335763411182505
    },
    {
      "file_path": "/home/doan/VA_0223/20250411_Final/Reconstruction_3D/data/processed_images/xe_F1_khan_70/frame_0027.png",
      "sharpness": 125.15729600694445,
      "transform_matrix": [
        [
          -0.7157554500810046,
          0.5355897600415066,
          -0.4481492437761498,
          -1.557816143978587
        ],
        [
          -0.6878998101358191,
          -0.43011655875210086,
          0.5846311633007394,
          2.5030231217456036
        ],
        [
          0.12036605392467586,
          0.7267347211258262,
          0.6762903653401441,
          2.67567140063265
        ],
        [
          0.0,
          0.0,
          0.0,
          1.0
        ]
      ],
      "w": 1280.0,
      "h": 720.0,
      "fl_x": 1157.5103093229766,
      "fl_y": 1157.5103093229766,
      "k1": 0.008332195694532184,
      "k2": 0,
      "k3": 0,
      "k4": 0,
      "p1": 0,
      "p2": 0,
      "cx": 640.0,
      "cy": 360.0,
      "is_fisheye": false,
      "camera_angle_x": 1.0101505507273065,
      "camera_angle_y": 0.60305799402538,
      "fovx": 57.877363229490435,
      "fovy": 34.55267785927989
    },
    {
      "file_path": "/home/doan/VA_0223/20250411_Final/Reconstruction_3D/data/processed_images/xe_F1_khan_70/frame_0032.png",
      "sharpness": 123.41975043402778,
      "transform_matrix": [
        [
          -0.3071271943195656,
          0.693310508886961,
          -0.6519151975950627,
          -2.61684144734093
        ],
        [
          -0.947734576708541,
          -0.16060230328614436,
          0.2756919880777976,
          1.0646573173818221
        ],
        [
          0.08644107026926688,
          0.7025150806373388,
          0.7063996764771009,
          2.9688583492782357
        ],
        [
          0.0,
          0.0,
          0.0,
          1.0
        ]
      ],
      "w": 1280.0,
      "h": 720.0,
      "fl_x": 1127.6547758230831,
      "fl_y": 1127.6547758230831,
      "k1": 0.0769687708365763,
      "k2": 0,
      "k3": 0,
      "k4": 0,
      "p1": 0,
      "p2": 0,
      "cx": 640.0,
      "cy": 360.0,
      "is_fisheye": false,
      "camera_angle_x": 1.032434138598504,
      "camera_angle_y": 0.6180388297186715,
      "fovx": 59.15411876691897,
      "fovy": 35.41101651808444
    },
    {
      "file_path": "/home/doan/VA_0223/20250411_Final/Reconstruction_3D/data/processed_images/xe_F1_khan_70/frame_0028.png",
      "sharpness": 98.28045138888889,
      "transform_matrix": [
        [
          -0.6462463243076799,
          0.5812905764802389,
          -0.4944359959521548,
          -1.7699962159959846
        ],
        [
          -0.7533038106588741,
          -0.3822891391843388,
          0.5351526725230261,
          2.2921675483809745
        ],
        [
          0.12206169424154983,
          0.7183009674391113,
          0.6849413573832839,
          2.846461598664095
        ],
        [
          0.0,
          0.0,
          0.0,
          1.0
        ]
      ],
      "w": 1280.0,
      "h": 720.0,
      "fl_x": 1139.3835727938063,
      "fl_y": 1139.3835727938063,
      "k1": 0.05063535426689927,
      "k2": 0,
      "k3": 0,
      "k4": 0,
      "p1": 0,
      "p2": 0,
      "cx": 640.0,
      "cy": 360.0,
      "is_fisheye": false,
      "camera_angle_x": 1.0235740793738612,
      "camera_angle_y": 0.6120684382469884,
      "fovx": 58.64647476711098,
      "fovy": 35.0689382847161
    },
    {
      "file_path": "/home/doan/VA_0223/20250411_Final/Reconstruction_3D/data/processed_images/xe_F1_khan_70/frame_0034.png",
      "sharpness": 122.55847005208334,
      "transform_matrix": [
        [
          -0.13396936790235822,
          0.711920781835982,
          -0.6893627556903564,
          -2.5241618617580484
        ],
        [
          -0.9887452570964852,
          -0.049277786177330855,
          0.14126045574996515,
          0.5451685737026927
        ],
        [
          0.06659598362649732,
          0.7005287290742249,
          0.710510010334553,
          2.7913422696716803
        ],
        [
          0.0,
          0.0,
          0.0,
          1.0
        ]
      ],
      "w": 1280.0,
      "h": 720.0,
      "fl_x": 1128.1429567670716,
      "fl_y": 1128.1429567670716,
      "k1": 0.0598171526543815,
      "k2": 0,
      "k3": 0,
      "k4": 0,
      "p1": 0,
      "p2": 0,
      "cx": 640.0,
      "cy": 360.0,
      "is_fisheye": false,
      "camera_angle_x": 1.0320625795387917,
      "camera_angle_y": 0.6177880797095879,
      "fovx": 59.1328300009576,
      "fovy": 35.39664960085108
    },
    {
      "file_path": "/home/doan/VA_0223/20250411_Final/Reconstruction_3D/data/processed_images/xe_F1_khan_70/frame_0029.png",
      "sharpness": 82.02731770833333,
      "transform_matrix": [
        [
          -0.5635307219490933,
          0.6197453380090459,
          -0.5462131832121054,
          -2.0472994992278526
        ],
        [
          -0.8184801537685948,
          -0.32929967604628524,
          0.4707992791442753,
          2.0483083990252395
        ],
        [
          0.11190783410372754,
          0.7123745078551643,
          0.69281974373098,
          2.9211162408332605
        ],
        [
          0.0,
          0.0,
          0.0,
          1.0
        ]
      ],
      "w": 1280.0,
      "h": 720.0,
      "fl_x": 1129.1121245088234,
      "fl_y": 1129.1121245088234,
      "k1": 0.06439639353363617,
      "k2": 0,
      "k3": 0,
      "k4": 0,
      "p1": 0,
      "p2": 0,
      "cx": 640.0,
