{
  "camera_angle_x": 1.0328969369362213,
  "camera_angle_y": 0.6155851996253924,
  "fl_x": 1127.047164939451,
  "fl_y": 1132.4482536416547,
  "k1": 0.11125390478295465,
  "k2": -0.32470751051030317,
  "k3": 0,
  "k4": 0,
  "p1": -0.002879616131853726,
  "p2": -0.004981352210099023,
  "is_fisheye": false,
  "cx": 626.067452923535,
  "cy": 370.0530081963358,
  "w": 1280.0,
  "h": 720.0,
  "aabb_scale": 4,
  "frames": [
    {
      "file_path": "/home/doan/VA_0223/20250411_Final/Reconstruction_3D/data/processed_images/xe_F1_khan_50/frame_0010.png",
      "sharpness": 136.32223307291667,
      "transform_matrix": [
        [
          -0.8753114303144324,
          -0.21680611653122575,
          0.4322325853923769,
          1.628057926835946
        ],
        [
          0.47479102618365937,
          -0.5547844830539306,
          0.6832186025119708,
          3.091200577776217
        ],
        [
          0.09166995949346202,
          0.8032492049506436,
          0.5885467979289438,
          2.549594680592913
        ],
        [
          0.0,
          0.0,
          0.0,
          1.0
        ]
      ]
    },
    {
      "file_path": "/home/doan/VA_0223/20250411_Final/Reconstruction_3D/data/processed_images/xe_F1_khan_50/frame_0000.png",
      "sharpness": 206.5707834201389,
      "transform_matrix": [
        [
          0.1355819858275157,
          -0.6505627949102278,
          0.7472520157731846,
          2.7196519209696857
        ],
        [
          0.990550912314708,
          0.10472690504538626,
          -0.08855035557508548,
          -0.27359567743908053
        ],
        [
          -0.020649824087629685,
          0.7521969990077353,
          0.6586146517719557,
          2.3197798714515327
        ],
        [
          0.0,
          0.0,
          0.0,
          1.0
        ]
      ]
    },
    {
      "file_path": "/home/doan/VA_0223/20250411_Final/Reconstruction_3D/data/processed_images/xe_F1_khan_50/frame_0001.png",
      "sharpness": 159.014921875,
      "transform_matrix": [
        [
          0.0979982938278009,
          -0.6493523801562904,
          0.7541470817232062,
          2.742864241939878
        ],
        [
          0.9950201761269349,
          0.07778990682580351,
          -0.0623183720640707,
          -0.22625750269366468
        ],
        [
          -0.018198447992930227,
          0.7564986562182437,
          0.6537419978175089,
          2.329719037761103
        ],
        [
          0.0,
          0.0,
          0.0,
          1.0
        ]
      ]
    },
    {
      "file_path": "/home/doan/VA_0223/20250411_Final/Reconstruction_3D/data/processed_images/xe_F1_khan_50/frame_0011.png",
      "sharpness": 118.00666232638889,
      "transform_matrix": [
        [
          -0.9208231749661532,
          -0.14715073623776173,
          0.36115279501807157,
          1.4250751417365513
        ],
        [
          0.3762150355968898,
          -0.5790643706119384,
          0.7232888093140873,
          3.1473984025114765
        ],
        [
          0.10269823513878006,
          0.8018922094437265,
          0.5885762117284604,
          2.50735139813492
        ],
        [
          0.0,
          0.0,
          0.0,
          1.0
        ]
      ]
    },
    {
      "file_path": "/home/doan/VA_0223/20250411_Final/Reconstruction_3D/data/processed_images/xe_F1_khan_50/frame_0003.png",
      "sharpness": 127.8015017361111,
      "transform_matrix": [
        [
          -0.07332771303669433,
          -0.6338227134535479,
          0.7699946847158212,
          2.92623597817954
        ],
        [
          0.9971746344400931,
          -0.03397474529972074,
          0.06699600817545448,
          0.3436309492395387
        ],
        [
          -0.016303218396963835,
          0.7727318323144076,
          0.6345232229617023,
          2.3798961452606546
        ],
        [
          0.0,
          0.0,
          0.0,
          1.0
        ]
      ]
    },
    {
      "file_path": "/home/doan/VA_0223/20250411_Final/Reconstruction_3D/data/processed_images/xe_F1_khan_50/frame_0008.png",
      "sharpness": 105.70344618055556,
      "transform_matrix": [
        [
          -0.7191670528049238,
          -0.38135925780816265,
          0.580830325244227,
          2.291787635471992
        ],
        [
          0.6923927220606925,
          -0.46338097149179436,
          0.5530555068861219,
          2.3283642560543334
        ],
        [
          0.05823288275075615,
          0.7999019888760733,
          0.5972987021904754,
          2.432158303517736
        ],
        [
          0.0,
          0.0,
          0.0,
          1.0
        ]
      ]
    },
    {
      "file_path": "/home/doan/VA_0223/20250411_Final/Reconstruction_3D/data/processed_images/xe_F1_khan_50/frame_0009.png",
      "sharpness": 88.08990234375,
      "transform_matrix": [
        [
          -0.8092283290990284,
          -0.2945659235489838,
          0.5083113496143442,
          1.8960946053950267
        ],
        [
          0.5822466121789147,
          -0.5175029443164403,
          0.6270403378016057,
          2.763999245598123
        ],
        [
          0.07834790384788967,
          0.8033813660819273,
          0.5902880539827697,
          2.5895021033490044
        ],
        [
          0.0,
          0.0,
          0.0,
          1.0
        ]
      ]
    },
    {
      "file_path": "/home/doan/VA_0223/20250411_Final/Reconstruction_3D/data/processed_images/xe_F1_khan_50/frame_0004.png",
      "sharpness": 109.08556640625,
      "transform_matrix": [
        [
          -0.19383194268122286,
          -0.6101202205412989,
          0.7682333594439175,
          2.8849750847375795
        ],
        [
          0.9810082228681162,
          -0.11478519096528378,
          0.15635608910612783,
          0.7346237481724963
        ],
        [
          -0.0072141986987341285,
          0.7839500471975595,
          0.6207819898449588,
          2.3501327264654166
        ],
        [
          0.0,
          0.0,
          0.0,
          1.0
        ]
      ]
    },
    {
      "file_path": "/home/doan/VA_0223/20250411_Final/Reconstruction_3D/data/processed_images/xe_F1_khan_50/frame_0006.png",
      "sharpness": 121.51412977430556,
      "transform_matrix": [
        [
          -0.467300014356502,
          -0.5278638028425159,
          0.7092182332050396,
          2.7037433318138815
        ],
        [
          0.8838762568668211,
          -0.2969360666470281,
          0.3613747844989311,
          1.5548816690308238
        ],
        [
          0.019835804565258637,
          0.7957315992513989,
          0.6053245103990479,
          2.3957548104314768
        ],
        [
          0.0,
          0.0,
          0.0,
          1.0
        ]
      ]
    },
    {
      "file_path": "/home/doan/VA_0223/20250411_Final/Reconstruction_3D/data/processed_images/xe_F1_khan_50/frame_0002.png",
      "sharpness": 138.6875217013889,
      "transform_matrix": [
        [
          0.028869384964006702,
          -0.6450116740817204,
          0.7636271989587088,
          2.8048838391459476
        ],
        [
          0.9994498900124599,
          0.031102288952278855,
          -0.0115136864804764,
          -0.06004583646273541
        ],
        [
          -0.01632409160220894,
          0.763539513057164,
          0.6455547506707533,
          2.3472154255692614
        ],
        [
          0.0,
          0.0,
          0.0,
          1.0
        ]
      ]
    },
    {
      "file_path": "/home/doan/VA_0223/20250411_Final/Reconstruction_3D/data/processed_images/xe_F1_khan_50/frame_0007.png",
      "sharpness": 160.34855034722221,
      "transform_matrix": [
        [
          -0.5982782308825861,
          -0.4612226292281394,
          0.6552380062384295,
          2.604332821850612
        ],
        [
          0.8001339430152803,
          -0.38775387719608345,
          0.4576380709191323,
          1.8448341743915762
        ],
        [
          0.042998043100966624,
          0.7980730649990434,
          0.6010245845989224,
          2.4322411909848842
        ],
        [
          0.0,
          0.0,
          0.0,
          1.0
        ]
      ]
    },
    {
      "file_path": "/home/doan/VA_0223/20250411_Final/Reconstruction_3D/data/processed_images/xe_F1_khan_50/frame_0005.png",
      "sharpness": 113.61946831597223,
      "transform_matrix": [
        [
          -0.3315618274254189,
          -0.5757201277998946,
          0.7474042340794018,
          2.7275965255869052
        ],
        [
          0.9434294286917573,
          -0.20465638732254987,
          0.26087674523956067,
          1.0757995433698888
        ],
        [
          0.002769057306927389,
          0.7916199199437546,
          0.6110075570315491,
          2.288959000778896
        ],
        [
          0.0,
          0.0,
          0.0,
          1.0
        ]
      ]
    },
    {
      "file_path": "/home/doan/VA_0223/20250411_Final/Reconstruction_3D/data/processed_images/xe_F1_khan_50/frame_0012.png",
      "sharpness": 109.39001301930752,
      "transform_matrix": [
        [
          -0.9549182516324727,
          -0.08838770835402338,
          0.2834056206050481,
          1.0763976201742798
        ],
        [
          0.27822905478979437,
          -0.599403303150522,
          0.7505359906382774,
          3.204104063589278
        ],
        [
          0.1035361088723556,
          0.7955521939106077,
          0.5969731828176018,
          2.4782694697039367
        ],
        [
          0.0,
          0.0,
          0.0,
          1.0
        ]
      ]
    },
    {
      "file_path": "/home/doan/VA_0223/20250411_Final/Reconstruction_3D/data/processed_images/xe_F1_khan_50/frame_0014.png",
      "sharpness": 155.89075303819445,
      "transform_matrix": [
        [
          -0.9909525609155827,
          0.043573740900916466,
          0.1269423144509908,
          0.45045881709769026
        ],
        [
          0.07213893111289268,
          -0.6246595391125258,
          0.7775579945020017,
          3.240537334706456
        ],
        [
          0.11317683822669995,
          0.7796805687896353,
          0.6158646068907235,
          2.604965624917644
        ],
        [
          0.0,
          0.0,
          0.0,
          1.0
        ]
      ]
    },
    {
      "file_path": "/home/doan/VA_0223/20250411_Final/Reconstruction_3D/data/processed_images/xe_F1_khan_50/frame_0015.png",
      "sharpness": 151.93167100694444,
      "transform_matrix": [
        [
          -0.9916861671819255,
          0.12597994299458468,
          0.026222125438849817,
          0.13967922583192488
        ],
        [
          -0.05892092528533095,
          -0.6257130029545359,
          0.7778248919245884,
          3.273844792157425
        ],
        [
          0.11439786039662175,
          0.7698131539175851,
          0.6279337844645106,
          2.6678069205034496
        ],
        [
          0.0,
          0.0,
          0.0,
          1.0
        ]
      ]
    },
    {
      "file_path": "/home/doan/VA_0223/20250411_Final/Reconstruction_3D/data/processed_images/xe_F1_khan_50/frame_0013.png",
      "sharpness": 98.86715711805556,
      "transform_matrix": [
        [
          -0.9773780656472325,
          -0.027595369202220724,
          0.20969170815674668,
          0.714837143567585
        ],
        [
          0.18215332896225644,
          -0.6136723906631907,
          0.7682619095634324,
          3.2400297869172605
        ],
        [
          0.10748154080839285,
          0.7890783817760902,
          0.6048165224916294,
          2.5896469927359185
        ],
        [
          0.0,
          0.0,
          0.0,
          1.0
        ]
      ]
    },
    {
      "file_path": "/home/doan/VA_0223/20250411_Final/Reconstruction_3D/data/processed_images/xe_F1_khan_50/frame_0017.png",
      "sharpness": 93.79427300347223,
      "transform_matrix": [
        [
          -0.9368485557441328,
          0.29994322661973594,
          -0.1798578452125445,
          -0.8428147372049428
        ],
        [
          -0.3303166339348147,
          -0.5898785834439512,
          0.7368406735112343,
          3.2314260515175897
        ],
        [
          0.11491607816236175,
          0.7497181588099118,
          0.6517031359524402,
          2.8031548149528764
        ],
        [
          0.0,
          0.0,
          0.0,
          1.0
        ]
      ]
    },
    {
      "file_path": "/home/doan/VA_0223/20250411_Final/Reconstruction_3D/data/processed_images/xe_F1_khan_50/frame_0016.png",
      "sharpness": 141.26712673611112,
      "transform_matrix": [
        [
          -0.9739879492365092,
          0.21432372141739617,
          -0.07357185099809538,
          -0.3524975583092295
        ],
        [
          -0.1928180379179546,
          -0.6133328919903475,
          0.7659268684780473,
          3.248711541313081
        ],
        [
          0.11903226064404279,
          0.7601895198495188,
          0.6387043251119517,
          2.7867190451115498
        ],
        [
          0.0,
          0.0,
          0.0,
          1.0
        ]
      ]
    },
    {
      "file_path": "/home/doan/VA_0223/20250411_Final/Reconstruction_3D/data/processed_images/xe_F1_khan_50/frame_0022.png",
      "sharpness": 128.87399305555556,
      "transform_matrix": [
        [
          -0.5085342969413555,
          0.643222322306203,
          -0.5724141097149859,
          -2.249761730371186
        ],
        [
          -0.856420662306536,
          -0.3090682383269631,
          0.41354621656141244,
          1.6660326393729734
        ],
        [
          0.08908713731446807,
          0.7005297054475321,
          0.7080406865643342,
          3.0430555725912085
        ],
        [
          0.0,
          0.0,
          0.0,
          1.0
        ]
      ]
    },
    {
      "file_path": "/home/doan/VA_0223/20250411_Final/Reconstruction_3D/data/processed_images/xe_F1_khan_50/frame_0023.png",
      "sharpness": 120.2173025173611,
      "transform_matrix": [
        [
          -0.3958833909996141,
          0.6764989757937202,
          -0.6209875011303561,
          -2.474439153830649
        ],
        [
          -0.9150570136270576,
          -0.23382270083788823,
          0.3286298927139302,
          1.3292021280220598
        ],
        [
          0.0771168111353029,
          0.698338084595501,
          0.7116016562119541,
          2.9735353553209656
        ],
        [
          0.0,
          0.0,
          0.0,
          1.0
        ]
      ]
    },
    {
      "file_path": "/home/doan/VA_0223/20250411_Final/Reconstruction_3D/data/processed_images/xe_F1_khan_50/frame_0021.png",
      "sharpness": 92.63856553819444,
      "transform_matrix": [
        [
          -0.6207137252226923,
          0.5945754136876107,
          -0.5110719605278712,
          -1.8941608688021754
        ],
        [
          -0.7776340352024501,
          -0.3837356504431156,
          0.49802837055143107,
          2.159570178409076
        ],
        [
          0.09999889325238288,
          0.7065599960956819,
          0.7005520632653618,
          2.9353639256115343
        ],
        [
          0.0,
          0.0,
          0.0,
          1.0
        ]
      ]
    },
    {
      "file_path": "/home/doan/VA_0223/20250411_Final/Reconstruction_3D/data/processed_images/xe_F1_khan_50/frame_0018.png",
      "sharpness": 139.64398111969618,
      "transform_matrix": [
        [
          -0.8832338053562946,
          0.3838474665820404,
          -0.26936808933839185,
          -0.9966317277409537
        ],
        [
          -0.4538185933944207,
          -0.5550090981777696,
          0.6971467458360316,
          2.9767850896038413
        ],
        [
          0.11809627188350456,
          0.7379878206254074,
          0.6643999151531901,
          2.677730416842891
        ],
        [
          0.0,
          0.0,
          0.0,
          1.0
        ]
      ]
    },
    {
      "file_path": "/home/doan/VA_0223/20250411_Final/Reconstruction_3D/data/processed_images/xe_F1_khan_50/frame_0019.png",
      "sharpness": 125.40162543402778,
      "transform_matrix": [
        [
          -0.811825763530824,
          0.46071221089887615,
          -0.35872439068969225,
          -1.1302439174965715
        ],
        [
          -0.5726251736136013,
          -0.5080365368391774,
          0.6434277642290606,
          2.709161214753195
        ],
        [
          0.11418993068595618,
          0.7277658524703069,
          0.6762525591728961,
          2.6435492014131516
        ],
        [
          0.0,
          0.0,
          0.0,
          1.0
        ]
      ]
    },
    {
      "file_path": "/home/doan/VA_0223/20250411_Final/Reconstruction_3D/data/processed_images/xe_F1_khan_50/frame_0020.png",
      "sharpness": 98.28045138888889,
      "transform_matrix": [
        [
          -0.7268829827087048,
          0.5341307365568835,
          -0.43167752523512704,
          -1.4659242228565987
        ],
        [
          -0.6769793234711179,
          -0.45157017873044064,
          0.5811913362003117,
          2.4813603349196622
        ],
        [
          0.11549945926081108,
          0.7146948509731039,
          0.6898341430972955,
          2.856111500278782
        ],
        [
          0.0,
          0.0,
          0.0,
          1.0
        ]
      ]
    },
    {
      "file_path": "/home/doan/VA_0223/20250411_Final/Reconstruction_3D/data/processed_images/xe_F1_khan_50/frame_0024.png",
      "sharpness": 129.9922439236111,
      "transform_matrix": [
        [
          -0.2788774299810076,
          0.6993913264693008,
          -0.658087495388058,
          -2.4091015761709125
        ],
        [
          -0.9582709482559267,
          -0.15785241408111503,
          0.23832625767592355,
          0.9815397754725798
        ],
        [
          0.06280261766482889,
          0.6970899424785353,
          0.7142278651729466,
          2.8002197412039065
        ],
        [
          0.0,
          0.0,
          0.0,
          1.0
        ]
      ]
    },
    {
      "file_path": "/home/doan/VA_0223/20250411_Final/Reconstruction_3D/data/processed_images/xe_F1_khan_50/frame_0028.png",
      "sharpness": 69.00629774305555,
      "transform_matrix": [
        [
          0.274432929511546,
          0.6865573045796564,
          -0.6732946121925049,
          -2.7328595763022263
        ],
        [
          -0.9616059148911388,
          0.19535791693598878,
          -0.19274166321054592,
          -1.2157253517614834
        ],
        [
          -0.000794763851880176,
          0.7003387408224456,
          0.713810210443531,
          3.035565935306591
        ],
        [
          0.0,
          0.0,
          0.0,
          1.0
        ]
      ]
    },
    {
      "file_path": "/home/doan/VA_0223/20250411_Final/Reconstruction_3D/data/processed_images/xe_F1_khan_50/frame_0027.png",
      "sharpness": 81.55612196180556,
      "transform_matrix": [
        [
          0.13304355382177385,
          0.7106653760885274,
          -0.6908358242700282,
          -2.704134421021878
        ],
        [
          -0.9910536469546362,
          0.1028376446335827,
          -0.08507107442891598,
          -0.5871169390351143
        ],
        [
          0.010586861893148666,
          0.6959735211591851,
          0.717989398445637,
          3.0062728225109923
        ],
        [
          0.0,
          0.0,
          0.0,
          1.0
        ]
      ]
    },
    {
      "file_path": "/home/doan/VA_0223/20250411_Final/Reconstruction_3D/data/processed_images/xe_F1_khan_50/frame_0025.png",
      "sharpness": 98.39983072916667,
      "transform_matrix": [
        [
          -0.15532777342502976,
          0.7136299387007634,
          -0.6830853486001567,
          -2.555832304689618
        ],
        [
          -0.9866316455942036,
          -0.07755427208610878,
          0.1433294484522634,
          0.5629307059338438
        ],
        [
          0.049307998529631934,
          0.6962166656649884,
          0.7161362131683573,
          2.9386953420451407
        ],
        [
          0.0,
          0.0,
          0.0,
          1.0
        ]
      ]
    },
    {
      "file_path": "/home/doan/VA_0223/20250411_Final/Reconstruction_3D/data/processed_images/xe_F1_khan_50/frame_0026.png",
      "sharpness": 104.64237847222222,
      "transform_matrix": [
        [
          -0.014545020014236678,
          0.7184381177234869,
          -0.6954387920400669,
          -2.6361142752814852
        ],
        [
          -0.9994905192781337,
          0.009315211772936456,
          0.03052750731902677,
          0.14695802641290123
        ],
        [
          0.028410284520039915,
          0.6955285025872235,
          0.7179365974109776,
          2.978406831581716
        ],
        [
          0.0,
          0.0,
          0.0,
          1.0
        ]
      ]
    },
    {
      "file_path": "/home/doan/VA_0223/20250411_Final/Reconstruction_3D/data/processed_images/xe_F1_khan_50/frame_0033.png",
      "sharpness": 42.688226996527774,
      "transform_matrix": [
        [
          0.8536054514676251,
          0.38773299364650426,
          -0.347880523947658,
          -1.3403373028747272
        ],
        [
          -0.5177146162261294,
          0.5574772316746948,
          -0.6489920741507623,
          -2.8385819000618024
        ],
        [
          -0.057700168319446424,
          0.7340860044024801,
          0.6766006420305088,
          2.7627416084679295
        ],
        [
          0.0,
          0.0,
          0.0,
          1.0
        ]
      ]
    },
    {
      "file_path": "/home/doan/VA_0223/20250411_Final/Reconstruction_3D/data/processed_images/xe_F1_khan_50/frame_0029.png",
      "sharpness": 62.37322916666667,
      "transform_matrix": [
        [
          0.4100060928860684,
          0.6499002712505617,
          -0.6399411233107087,
          -2.546398283073011
        ],
        [
          -0.9120200328123719,
          0.2838977016067503,
          -0.2960093829115587,
          -1.409525434091595
        ],
        [
          -0.010698764175381233,
          0.705004774825005,
          0.709121854125827,
          2.8912280373213757
        ],
        [
          0.0,
          0.0,
          0.0,
          1.0
        ]
      ]
    },
    {
      "file_path": "/home/doan/VA_0223/20250411_Final/Reconstruction_3D/data/processed_images/xe_F1_khan_50/frame_0035.png",
      "sharpness": 40.94013888888889,
      "transform_matrix": [
        [
          0.9668531373267152,
          0.21379939674113388,
          -0.13958806852321265,
          -0.7605828432941877
        ],
        [
          -0.24470946217533684,
          0.6198418027971515,
          -0.7455960156997844,
          -3.1151214838868504
        ],
        [
          -0.07288545832680648,
          0.7550403681320458,
          0.6516147270706081,
          2.6046426172994175
        ],
        [
          0.0,
          0.0,
          0.0,
          1.0
        ]
      ]
    },
    {
      "file_path": "/home/doan/VA_0223/20250411_Final/Reconstruction_3D/data/processed_images/xe_F1_khan_50/frame_0030.png",
      "sharpness": 64.00008463541667,
      "transform_matrix": [
        [
          0.5411007993506127,
          0.6020761835037158,
          -0.58712366182871,
          -2.3229194217971165
        ],
        [
          -0.8406384476892236,
          0.36801216159586575,
          -0.39735884183512143,
          -1.638786759371523
        ],
        [
          -0.023171647059882883,
          0.7085699106273184,
          0.7052600631014866,
          2.8753857321536707
        ],
        [
          0.0,
          0.0,
          0.0,
          1.0
        ]
      ]
    },
    {
      "file_path": "/home/doan/VA_0223/20250411_Final/Reconstruction_3D/data/processed_images/xe_F1_khan_50/frame_0034.png",
      "sharpness": 50.33305989583334,
      "transform_matrix": [
        [
          0.9195429526076382,
          0.3025067684990417,
          -0.2508593498383492,
          -1.0988207138809163
        ],
        [
          -0.38768937280987115,
          0.5937955252703665,
          -0.7050559015989697,
          -3.002504518325626
        ],
        [
          -0.06432502299763752,
          0.7455846895120801,
          0.663299149902452,
          2.619082717570791
        ],
        [
          0.0,
          0.0,
          0.0,
          1.0
        ]
      ]
    },
    {
      "file_path": "/home/doan/VA_0223/20250411_Final/Reconstruction_3D/data/processed_images/xe_F1_khan_50/frame_0032.png",
      "sharpness": 62.13459852430555,
      "transform_matrix": [
        [
          0.7692616966500335,
          0.4672990467114838,
          -0.43573850310602186,
          -1.6552630291603017
        ],
        [
          -0.6370589243013204,
          0.5087594420602704,
          -0.5790680073039143,
          -2.4375503995128356
        ],
        [
          -0.04891185006984062,
          0.7230459398397534,
          0.6890661796110591,
          2.774608389557435
        ],
        [
          0.0,
          0.0,
          0.0,
          1.0
        ]
      ]
    },
    {
      "file_path": "/home/doan/VA_0223/20250411_Final/Reconstruction_3D/data/processed_images/xe_F1_khan_50/frame_0031.png",
      "sharpness": 56.22006293402778,
      "transform_matrix": [
        [
          0.6613489643696769,
          0.5403584104491775,
          -0.5202214294542455,
          -2.0553703773466223
        ],
        [
          -0.7492845873196101,
          0.4440343603970078,
          -0.49133094141572137,
          -2.019244903964056
        ],
        [
          -0.03449861681536422,
          0.7147351083515097,
          0.6985438929712073,
          2.8857981808523645
        ],
        [
          0.0,
          0.0,
          0.0,
          1.0
        ]
      ]
    },
    {
      "file_path": "/home/doan/VA_0223/20250411_Final/Reconstruction_3D/data/processed_images/xe_F1_khan_50/frame_0036.png",
      "sharpness": 49.874064670138885,
      "transform_matrix": [
        [
          0.9925627632106226,
          0.11978509733411201,
          -0.02169542863781223,
          -0.37549796806414887
        ],
        [
          -0.09323172338775983,
          0.6334029020980169,
          -0.7681852702104606,
          -3.131468113570076
        ],
        [
          -0.07827519990134045,
          0.7644947966593328,
          0.6398599057926646,
          2.574255770300639
        ],
        [
          0.0,
          0.0,
          0.0,
          1.0
        ]
      ]
    },
    {
      "file_path": "/home/doan/VA_0223/20250411_Final/Reconstruction_3D/data/processed_images/xe_F1_khan_50/frame_0037.png",
      "sharpness": 37.580607638888885,
      "transform_matrix": [
        [
          0.9942795991426563,
          0.01630694604659831,
          0.10555644138933278,
          0.32563582415804515
        ],
        [
          0.07126557175371166,
          0.6348365224967376,
          -0.7693528501196482,
          -3.2263208535544843
        ],
        [
          -0.07955687959643239,
          0.7724743835641217,
          0.6300428792756063,
          2.5354265286362008
        ],
        [
          0.0,
          0.0,
          0.0,
          1.0
        ]
      ]
    },
    {
      "file_path": "/home/doan/VA_0223/20250411_Final/Reconstruction_3D/data/processed_images/xe_F1_khan_50/frame_0038.png",
      "sharpness": 58.5228125,
      "transform_matrix": [
        [
          0.9705689780188225,
          -0.08462779300380316,
          0.22546395640596875,
          1.0200684002937757
        ],
        [
          0.22885279545022924,
          0.6156125838976562,
          -0.754087226096443,
          -3.191204238389629
        ],
        [
          -0.07498171110196501,
          0.783491725066247,
          0.6168617834107777,
          2.4108285530938516
        ],
        [
          0.0,
          0.0,
          0.0,
          1.0
        ]
      ]
    },
    {
      "file_path": "/home/doan/VA_0223/20250411_Final/Reconstruction_3D/data/processed_images/xe_F1_khan_50/frame_0039.png",
      "sharpness": 80.17270399305555,
      "transform_matrix": [
        [
          0.9273688109815561,
          -0.17505798169219514,
          0.3306687036051904,
          1.2894842767722945
        ],
        [
          0.36842401477531433,
          0.5812696901630225,
          -0.7255269068993807,
          -3.019235658435734
        ],
        [
          -0.06519841890601036,
          0.7946573163291775,
          0.6035469458596016,
          2.2094552953612143
        ],
        [
          0.0,
          0.0,
          0.0,
          1.0
        ]
      ]
    },
    {
      "file_path": "/home/doan/VA_0223/20250411_Final/Reconstruction_3D/data/processed_images/xe_F1_khan_50/frame_0040.png",
      "sharpness": 103.14797960069444,
      "transform_matrix": [
        [
          0.8688315739023553,
          -0.25345824215833423,
          0.42531237432243935,
          1.5777038575286781
        ],
        [
          0.49205159101967816,
          0.537331051804008,
          -0.6849529710444079,
          -2.8318032419015418
        ],
        [
          -0.054926569437892044,
          0.8043843983473205,
          0.5915647147565435,
          2.2501858224234352
        ],
        [
          0.0,
          0.0,
          0.0,
          1.0
        ]
      ]
    },
    {
      "file_path": "/home/doan/VA_0223/20250411_Final/Reconstruction_3D/data/processed_images/xe_F1_khan_50/frame_0041.png",
      "sharpness": 100.225234375,
      "transform_matrix": [
        [
          0.7972892478847551,
          -0.32237645636803586,
          0.5102972424640133,
          1.744136513480061
        ],
        [
          0.6020440239283504,
          0.48534473506195364,
          -0.6340216726580891,
          -2.652737712394336
        ],
        [
          -0.043276419854492765,
          0.8127200677887785,
          0.5810449577939458,
          2.3039863687918003
        ],
        [
          0.0,
          0.0,
          0.0,
          1.0
        ]
      ]
    },
    {
      "file_path": "/home/doan/VA_0223/20250411_Final/Reconstruction_3D/data/processed_images/xe_F1_khan_50/frame_0043.png",
      "sharpness": 127.61611979166666,
      "transform_matrix": [
        [
          0.6185202835323145,
          -0.4341288726918953,
          0.6549540295576454,
          2.6406670566185726
        ],
        [
          0.7853844036669233,
          0.3676285155334295,
          -0.4980166794835272,
          -1.96828316288421
        ],
        [
          -0.024576357982970393,
          0.8224240977313525,
          0.5683437394560187,
          2.232287984519762
        ],
        [
          0.0,
          0.0,
          0.0,
          1.0
        ]
      ]
    },
    {
      "file_path": "/home/doan/VA_0223/20250411_Final/Reconstruction_3D/data/processed_images/xe_F1_khan_50/frame_0042.png",
      "sharpness": 75.24108506944444,
      "transform_matrix": [
        [
          0.7077706332280908,
          -0.3884489469324491,
          0.5900577483995998,
          2.1924965427448773
        ],
        [
          0.7056427235838382,
          0.42846743462442866,
          -0.5643438704547994,
          -2.346511263685554
        ],
        [
          -0.0336017475510939,
          0.8157959752026261,
          0.5773628404084348,
          2.2760211654933964
        ],
        [
          0.0,
          0.0,
          0.0,
          1.0
        ]
      ]
    },
    {
      "file_path": "/home/doan/VA_0223/20250411_Final/Reconstruction_3D/data/processed_images/xe_F1_khan_50/frame_0044.png",
      "sharpness": 128.50245008680557,
      "transform_matrix": [
        [
          0.5287938863684217,
          -0.47473315297766355,
          0.7035662437060876,
          2.78717531447656
        ],
        [
          0.8486173370198317,
          0.31039580946264383,
          -0.42837256772319,
          -1.6662732397214586
        ],
        [
          -0.015021354001375213,
          0.8235793070508719,
          0.5670021904731569,
          2.109408123319676
        ],
        [
          0.0,
          0.0,
          0.0,
          1.0
        ]
      ]
    },
    {
      "file_path": "/home/doan/VA_0223/20250411_Final/Reconstruction_3D/data/processed_images/xe_F1_khan_50/frame_0045.png",
      "sharpness": 143.70624131944444,
      "transform_matrix": [
        [
          0.44937507033743324,
          -0.5040553751290692,
          0.7375569300346567,
          2.687516240621838
        ],
        [
          0.8933004720544824,
          0.2616143821031686,
          -0.3654752819335056,
          -1.4893882456100824
        ],
        [
          -0.008735720181531214,
          0.8230954342924766,
          0.5678358859032924,
          2.0853437780822
        ],
        [
          0.0,
          0.0,
          0.0,
          1.0
        ]
      ]
    },
    {
      "file_path": "/home/doan/VA_0223/20250411_Final/Reconstruction_3D/data/processed_images/xe_F1_khan_50/frame_0046.png",
      "sharpness": 94.23059461805556,
      "transform_matrix": [
        [
          0.3823008044443708,
          -0.5289066659306724,
          0.757696399446846,
          2.8137678821398184
        ],
        [
          0.9240310635461089,
          0.22198310069286697,
          -0.31127174078124575,
          -1.0955594272101383
        ],
        [
          -0.0035620975179867912,
          0.8191344467273965,
          0.5735905070044846,
          2.0354504892884395
        ],
        [
          0.0,
          0.0,
          0.0,
          1.0
        ]
      ]
    },
    {
      "file_path": "/home/doan/VA_0223/20250411_Final/Reconstruction_3D/data/processed_images/xe_F1_khan_50/frame_0047.png",
      "sharpness": 121.71107421875,
      "transform_matrix": [
        [
          0.32390495547691395,
          -0.5527989852928478,
          0.7677882922760177,
          2.8336024716939354
        ],
        [
          0.9460795151264716,
          0.1930070794297274,
          -0.2601572953972794,
          -0.7659676533793133
        ],
        [
          -0.004373887000384414,
          0.8106550124589265,
          0.5855077454376779,
          2.124566528072744
        ],
        [
          0.0,
          0.0,
          0.0,
          1.0
        ]
      ]
    },
    {
      "file_path": "/home/doan/VA_0223/20250411_Final/Reconstruction_3D/data/processed_images/xe_F1_khan_50/frame_0048.png",
      "sharpness": 122.42141059027777,
      "transform_matrix": [
        [
          0.2796190105427899,
          -0.5766023328748987,
          0.7676867582196029,
          2.85448209602934
        ],
        [
          0.9601039987298521,
          0.17098842893660754,
          -0.22127645331823803,
          -0.5431363349401784
        ],
        [
          -0.003677033509827548,
          0.7989322292718618,
          0.6014098207836717,
          2.1960998625725647
        ],
        [
          0.0,
          0.0,
          0.0,
          1.0
        ]
      ]
    },
    {
      "file_path": "/home/doan/VA_0223/20250411_Final/Reconstruction_3D/data/processed_images/xe_F1_khan_50/frame_0049.png",
      "sharpness": 132.36597439236112,
      "transform_matrix": [
        [
          0.24439516758413443,
          -0.6005186774656287,
          0.7613463864469853,
          2.79786191151802
        ],
        [
          0.9696477047048422,
          0.15731750175487516,
          -0.18717513831328048,
          -0.5434248732971186
        ],
        [
          -0.007370944971604101,
          0.7839824753993029,
          0.6207391944422345,
          2.3958487495110967
        ],
        [
          0.0,
          0.0,
          0.0,
          1.0
        ]
      ]
    }
  ]
}